100 100
200
83 51
20 40
86 65
51 70
64 0
5 89
83 31
70 48
97 51
93 3
11 37
89 76
87 59
15 15
22 43
30 85
60 66
45 75
44 95
55 23
43 24
58 47
20 1
5 49
80 58
85 62
39 16
52 38
15 67
35 97
95 84
23 34
15 54
22 37
11 77
58 74
3 32
50 59
45 1
34 82
23 52
78 61
47 92
66 53
25 78
75 64
61 61
78 79
48 40
50 61
8 16
58 19
85 59
19 96
39 5
76 69
98 21
66 87
44 49
14 75
88 18
26 29
27 51
28 71
67 34
65 28
85 89
39 40
53 24
88 35
27 8
34 86
16 35
56 6
16 7
96 60
27 90
19 72
41 62
19 93
84 21
74 47
27 57
97 55
32 23
88 66
96 18
90 66
3 11
37 14
14 54
54 24
39 5
81 55
36 42
76 42
47 63
72 93
9 94
36 25
98 36
13 4
87 47
47 53
17 51
72 17
50 6
22 79
94 7
10 36
87 82
34 82
27 4
66 40
12 75
30 22
60 88
36 16
52 18
99 12
27 45
80 82
93 44
67 80
84 62
40 1
8 12
50 98
62 81
43 56
45 32
32 92
10 39
10 72
61 45
19 90
39 29
67 87
89 58
44 62
61 86
88 55
62 5
37 43
83 58
63 71
3 51
89 48
0 73
38 46
78 7
39 52
45 87
97 26
93 81
11 43
25 49
94 94
89 56
68 72
89 82
76 89
2 9
22 57
20 28
21 74
92 69
17 37
15 96
43 9
79 62
15 95
59 39
34 38
70 1
29 75
9 90
99 61
18 49
66 5
62 15
36 15
24 80
28 42
88 66
86 39
46 2
31 56
52 5
81 43
45 11
55 22
99 89
66 8
50 69
0 96
69 72
76 43
87 73
94 74
49 23
5 92
99 40
50 71
54 38
70 30
93 27
15 45
52 77
95 81
18 50
25 11
27 36
5 54
13 35
37 59
34 86
46 50
69 42
54 95
31 77
58 91
88 94
38 94
46 72
98 45
37 78
39 18
96 35
95 84
89 57
88 72
26 36
78 68
82 38
65 59
91 45
11 98
20 13
39 68
60 77
51 61
24 50
36 85
64 79
20 61
71 15
9 91
36 80
80 89
65 62
48 44
15 14
45 33
7 30
56 34
93 66
3 46
20 15
21 42
61 77
63 89
55 37
42 75
30 90
76 44
83 34
2 60
92 81
30 15
76 46
77 40
41 23
27 46
8 6
63 31
13 69
65 20
76 3
91 57
94 47
19 46
58 93
19 31
84 64
82 21
35 90
96 91
18 75
21 89
84 18
60 37
38 61
87 50
69 10
68 32
89 82
40 34
66 10
46 88
27 30
64 21
53 88
62 10
3 93
69 1
69 70
57 13
15 97
6 38
31 88
88 13
20 0
70 72
29 29
1 7
3 86
33 14
95 8
26 85
55 57
66 89
93 87
66 93
50 28
91 28
3 53
48 10
84 51
61 24
52 98
76 98
83 20
46 58
89 4
40 25
38 4
48 30
87 83
69 47
11 45
45 74
79 39
76 93
54 11
55 16
55 66
95 93
37 47
90 10
28 93
38 9
91 59
36 84
5 14
26 84
96 14
98 2
31 55
22 98
5 35
43 11
21 90
64 39
96 95
56 40
95 37
83 35
46 48
69 32
0 87
12 52
13 45
50 41
91 69
89 59
38 64
73 94
94 37
21 63
18 5
74 82
29 71
40 42
26 79
34 95
97 62
77 11
83 64
13 1
81 41
95 10
28 64
79 7
57 37
21 50
62 0
73 74
33 73
5 78
77 91
9 60
80 16
38 95
80 97
83 46
94 97
92 77
95 56
0 35
50 12
26 22
94 5
45 94
16 31
30 39
76 57
22 16
99 12
58 23
40 91
78 16
94 78
67 72
16 36
82 52
37 10
52 94
99 15
35 4
89 27
97 31
97 70
62 35
31 60
81 72
32 84
39 97
7 70
38 30
86 93
40 94
52 7
11 16
16 25
12 23
55 35
63 46
76 53
19 46
72 16
57 16
77 33
5 49
22 70
63 12
65 36
24 28
31 79
6 89
77 40
16 12
93 55
69 67
59 65
95 77
95 52
57 10
46 73
29 78
57 28
96 97
13 76
99 49
1 29
45 52
17 64
95 13
36 48
52 36
71 10
80 46
26 29
48 64
15 60
14 58
68 11
45 30
92 4
63 0
46 10
49 41
34 88
32 45
12 95
27 84
99 46
17 77
72 2
38 11
66 26
60 98
80 29
27 94
68 38
5 40
38 65
79 98
98 79
71 26
30 37
65 13
19 47
28 82
13 93
18 45
62 67
44 29
19 63
90 68
0 71
22 81
45 11
11 82
38 15
20 87
32 93
24 36
84 58
75 60
88 82
58 25
98 34
39 57
38 3
15 31
46 32
4 76
86 1
97 16
85 48
6 23
90 31
73 27
35 89
45 75
38 40
21 5
91 61
77 82
16 30
55 39
92 38
47 2
93 55
29 40
50 84
71 45
72 45
76 3
37 35
1 42
31 7
46 16
33 80
37 7
91 58
89 21
93 74
92 15
19 44
28 41
43 64
12 76
37 97
73 60
52 85
56 75
55 97
3 32
82 7
49 17
95 85
51 74
9 35
21 26
21 58
1 9
79 42
82 71
89 12
28 30
31 59
15 74
79 8
29 87
50 27
76 75
73 98
67 57
55 32
90 21
96 21
45 70
63 73
71 65
62 37
2 53
12 83
2 26
41 47
72 79
3 5
95 63
47 59
52 49
60 14
18 73
8 71
89 40
81 56
62 24
22 73
61 22
29 8
40 39
90 51
44 30
70 3
94 54
40 21
94 35
30 66
71 78
82 98
88 50
89 93
93 39
18 59
66 68
18 89
99 56
60 72
48 41
61 78
25 25
28 93
48 95
73 45
84 82
8 34
43 35
85 2
58 55
19 88
92 39
85 72
28 31
90 43
20 48
21 53
4 48
13 34
37 53
59 99
31 19
14 91
95 56
3 15
90 54
85 43
27 58
5 65
25 91
88 23
30 39
77 37
74 67
33 81
0 72
57 68
95 50
1 38
99 56
28 98
64 20
73 40
40 23
42 33
34 77
98 65
77 97
44 75
95 19
27 74
75 45
80 12
62 67
0 91
97 16
5 69
10 23
77 16
1 60
83 97
4 58
62 38
64 14
28 90
40 41
40 63
44 96
89 50
7 27
97 85
91 45
63 52
43 67
55 81
48 32
51 30
23 47
27 39
26 39
17 23
53 54
29 98
95 37
84 95
4 57
78 30
41 90
35 10
7 99
28 21
10 71
71 86
23 96
22 27
42 71
71 21
72 58
24 3
97 65
7 55
65 84
49 41
96 8
11 33
53 1
31 55
80 83
32 60
89 30
68 54
55 10
75 19
6 20
9 32
54 84
31 81
43 97
92 93
14 1
77 94
42 74
20 3
9 11
57 96
80 1
60 64
82 84
31 64
16 70
2 32
25 10
53 71
16 76
96 24
64 16
96 25
19 8
99 63
44 46
67 86
46 47
53 20
7 68
76 65
24 85
0 70
64 6
56 90
24 83
22 64
53 78
32 5
39 82
63 1
76 40
39 33
94 8
85 85
95 48
43 55
76 25
32 90
3 3
11 34
71 4
56 78
60 30
81 58
76 8
14 50
44 91
62 12
74 75
9 34
9 71
80 18
90 38
74 28
60 30
34 42
19 67
83 8
40 11
9 78
80 93
56 10
18 81
55 1
27 39
37 45
38 94
19 17
2 81
66 40
10 0
16 76
60 66
60 16
27 90
97 82
61 70
70 35
71 99
5 30
62 55
69 54
25 46
50 93
0 44
99 13
29 58
27 30
91 35
2 62
78 15
27 46
72 3
24 84
42 2
68 58
21 32
38 4
20 85
20 48
19 4
35 40
26 95
20 87
33 21
11 76
2 61
63 62
20 86
1 85
36 9
66 15
17 81
84 77
69 1
97 77
26 77
78 58
77 11
21 66
40 1
42 28
50 70
71 57
14 47
60 67
72 97
98 70
51 16
97 9
60 73
94 73
87 22
30 48
47 91
85 98
52 92
27 85
18 65
40 14
32 14
20 74
39 34
75 32
66 5
15 55
50 34
22 28
40 1
20 61
78 27
15 60
59 73
70 71
34 61
97 13
86 97
6 33
92 25
47 0
94 29
63 45
39 61
46 15
84 58
90 82
65 86
79 42
95 58
29 82
55 34
46 22
8 23
88 81
12 3
70 34
69 60
89 27
97 70
86 24
97 55
95 50
83 28
61 56
20 92
41 76
64 45
12 36
91 55
48 17
79 94
87 98
64 22
25 2
62 31
47 32
52 32
9 18
33 82
16 6
2 91
34 82
47 59
45 60
34 47
46 66
54 26
58 58
89 31
20 86
64 48
56 10
73 24
47 24
26 39
23 1
58 26
22 90
12 6
46 31
81 38
33 97
97 30
50 34
75 95
95 88
71 49
31 60
30 10
5 64
41 94
17 15
85 81
8 13
35 3
67 70
1 70
89 27
72 47
99 60
11 56
57 33
49 17
31 48
59 64
35 27
0 57
14 63
39 68
42 16
21 48
9 48
26 32
1 84
23 82
42 20
60 90
51 92
48 99
8 24
31 97
13 78
33 35
55 32
84 0
17 34
40 84
49 73
74 76
42 49
42 57
63 94
23 59
23 12
66 25
69 62
30 44
27 45
79 94
50 20
24 89
65 46
23 65
20 16
26 21
87 18
20 34
93 94
87 35
81 21
41 90
7 77
39 47
42 35
79 85
66 85
1 70
92 96
84 13
69 31
96 22
62 22
32 64
2 66
59 87
20 89
70 57
28 6
41 19
26 16
63 11
69 39
90 65
67 83
8 57
47 22
25 10
64 80
39 37
82 66
23 97
32 88
60 57
91 68
8 37
38 6
82 28
99 63
17 91
13 44
27 48
92 6
84 17
51 69
85 44
63 89
67 29
78 3
25 25
47 30
29 46
60 71
0 65
62 38
96 76
70 95
86 25
21 6
86 99
11 41
13 24
23 27
83 32
73 59
32 79
27 64
44 90
55 45
28 48
22 45
22 34
26 29
56 52
59 66
28 46
22 79
49 37
15 47
26 58
56 94
74 53
70 92
37 32
69 10
20 60
71 97
9 70
41 16
64 46
77 86
27 34
80 17
73 31
43 52
80 19
60 59
99 92
26 11
47 6
67 77
90 45
42 28
62 78
83 98
98 86
11 66
79 56
33 49
58 90
14 77
92 39
13 15
58 71
27 17
10 72
47 97
86 99
89 23
47 1
45 32
75 74
92 58
74 81
75 53
40 98
65 82
50 80
10 34
52 55
96 19
67 10
16 78
39 29
78 10
90 28
71 29
28 62
17 1
98 44
53 47
35 14
59 32
18 54
29 79
5 66
89 30
78 23
42 1
95 93
37 71
79 73
61 52
56 70
90 63
66 98
2 96
69 24
96 30
63 23
28 81
29 74
88 42
30 61
91 8
83 86
15 58
51 71
68 47
22 47
34 47
78 6
25 91
18 74
98 36
78 71
20 58
88 88
96 13
13 30
2 79
36 36
50 40
95 4
72 59
21 88
70 33
69 50
16 15
56 73
2 36
41 99
97 81
57 24
13 29
45 80
4 84
72 18
82 73
1 26
43 80
26 97
82 60
31 15
25 33
2 18
7 54
69 33
7 96
29 66
26 78
62 34
44 38
73 10
23 48
45 6
38 2
33 91
14 86
75 84
82 96
94 35
72 58
23 17
40 77
94 88
23 75
57 13
99 30
5 72
63 37
97 47
70 96
94 44
59 85
18 80
77 48
8 57
4 37
69 20
61 16
22 98
88 86
97 21
18 93
84 33
43 95
36 50
22 18
56 53
25 51
36 19
12 25
24 41
71 97
71 4
4 45
40 83
42 66
20 74
76 8
82 10
15 42
16 19
70 32
17 39
57 97
34 19
67 28
49 38
32 53
27 27
12 20
58 2
54 5
5 16
14 27
2 6
83 14
50 44
5 64
51 44
57 30
63 97
69 21
34 43
95 89
61 2
26 75
30 2
18 21
71 90
81 66
89 72
78 99
52 21
15 51
30 33
31 5
64 96
64 91
45 85
89 54
91 36
8 32
70 7
73 81
25 6
58 15
90 57
26 17
94 40
15 83
11 63
77 32
6 85
59 65
21 47
98 82
5 21
57 72
85 72
69 72
61 22
87 25
28 21
10 55
14 26
42 72
77 26
71 53
52 50
5 3
12 92
42 7
68 75
97 59
3 71
74 79
92 66
91 44
6 97
13 47
20 67
72 57
72 60
7 42
45 76
91 10
77 71
51 9
6 43
39 60
77 10
42 35
20 80
52 17
52 73
46 74
65 42
49 54
91 21
54 11
29 59
40 50
90 31
99 7
66 14
99 61
30 65
18 43
66 30
87 37
92 86
22 98
36 82
24 8
65 73
48 17
32 34
36 83
80 61
8 34
28 39
62 90
4 0
79 3
82 90
91 89
69 9
66 91
65 25
2 8
37 53
41 71
15 67
96 57
44 82
35 81
90 97
66 1
84 27
12 47
72 79
45 47
27 31
87 12
53 82
27 81
46 92
39 82
17 17
41 93
96 76
77 67
29 3
93 72
21 65
43 12
8 11
49 37
17 50
50 50
9 23
21 30
70 29
62 1
90 16
13 21
25 33
31 44
7 98
42 30
63 37
64 96
70 95
19 25
11 40
28 66
18 66
22 79
94 42
74 67
64 86
31 8
88 65
40 10
41 38
11 14
76 91
85 90
39 95
63 27
92 82
93 97
43 41
38 12
12 10
84 5
67 25
68 83
25 53
73 69
47 53
83 24
88 59
87 99
59 43
60 66
77 72
92 87
46 18
94 11
4 22
80 77
21 23
78 57
44 7
48 57
96 38
75 15
68 30
40 55
96 88
68 24
81 97
30 30
29 94
18 41
92 68
78 94
43 63
20 68
19 23
96 86
23 17
56 82
95 13
46 31
2 39
29 57
99 76
16 24
78 45
29 87
77 3
49 76
74 79
45 54
11 66
61 21
1 79
95 15
42 39
10 47
17 52
7 32
24 25
15 71
6 15
27 45
40 30
91 34
46 66
99 53
89 42
93 71
97 55
89 10
43 44
40 61
41 94
45 44
69 72
26 46
54 77
44 19
15 63
66 93
55 51
70 16
41 46
28 72
45 67
28 59
11 22
60 18
68 44
85 20
56 52
6 97
0 35
45 26
40 58
54 2
87 80
72 42
74 30
89 24
52 21
2 42
14 79
45 43
55 48
62 30
32 50
54 10
71 32
11 49
92 13
31 5
31 38
28 14
70 99
59 19
27 9
32 73
47 38
68 56
28 6
88 92
75 26
32 87
69 41
46 55
80 78
79 88
32 3
50 3
72 64
50 1
79 67
95 28
66 72
30 0
41 23
64 57
69 14
6 61
15 35
72 39
66 88
72 64
41 79
66 58
58 33
45 50
86 13
98 85
87 68
92 5
30 90
1 70
98 50
46 69
11 78
91 47
59 69
52 8
16 64
69 26
89 24
68 58
57 50
50 13
11 98
71 64
41 17
76 32
73 51
55 18
97 83
58 17
38 85
87 28
17 88
72 71
28 17
28 60
91 11
31 27
15 40
19 10
94 57
63 23
81 60
84 41
66 86
96 87
94 93
16 67
96 33
35 78
39 68
59 62
29 41
21 96
79 37
60 1
83 15
29 43
73 43
58 9
97 95
22 39
32 92
19 75
36 90
58 8
43 85
44 31
4 30
84 87
79 95
70 61
38 41
43 68
68 88
89 24
35 93
21 48
80 39
51 76
96 11
72 47
71 20
39 90
23 8
41 92
88 30
28 13
72 47
59 24
33 93
66 8
51 26
80 21
77 60
25 26
44 69
89 21
84 93
77 97
73 62
41 91
41 34
71 43
13 74
95 6
20 85
9 53
45 35
75 18
36 15
91 6
28 75
26 57
88 42
55 1
39 37
29 76
10 87
30 29
0 23
91 3
42 50
91 97
91 10
84 33
92 55
24 37
65 29
67 99
5 60
35 50
44 0
2 57
98 75
33 93
48 2
22 3
10 76
30 18
63 33
67 64
58 90
60 21
89 99
63 51
21 54
78 67
1 49
44 45
42 23
55 60
5 84
98 40
21 25
50 93
86 32
28 73
59 86
82 29
70 52
56 72
78 19
39 38
42 47
85 46
29 72
96 62
22 8
0 14
93 48
62 9
84 30
87 78
86 13
14 18
8 32
86 4
82 77
97 67
40 70
84 64
81 38
32 74
99 26
73 56
45 72
46 44
18 66
52 82
65 88
28 9
52 15
14 66
7 9
32 90
54 30
24 29
33 19
60 97
23 20
82 36
24 80
50 83
72 95
60 50
44 2
82 41
88 97
35 74
91 83
34 18
50 74
84 19
58 78
27 94
57 56
21 58
79 65
42 30
65 18
25 13
72 35
46 58
55 19
55 90
77 92
19 96
88 28
13 38
84 66
97 83
22 25
48 46
89 89
28 60
32 33
13 30
3 69
98 42
60 17
65 44
99 76
78 17
42 3
7 74
65 99
28 97
0 28
80 25
31 28
43 71
44 49
37 30
5 52
8 23
46 45
44 27
81 73
58 96
23 84
25 29
17 62
8 34
14 54
32 28
28 76
17 84
28 70
13 1
20 79
61 55
16 61
1 17
25 14
86 52
8 22
99 16
88 53
59 36
41 24
7 64
49 88
65 64
5 12
18 44
35 84
81 58
37 62
22 3
49 98
39 84
97 32
77 6
44 52
2 8
81 39
11 23
29 44
69 39
98 78
54 80
91 97
87 69
47 25
47 95
46 37
50 18
92 98
44 11
98 14
1 21
57 31
18 45
53 53
97 44
28 13
47 30
51 4
99 77
99 36
23 89
44 16
50 1
54 96
99 98
56 53
57 44
4 94
42 99
11 61
27 12
74 85
15 80
6 85
43 95
89 64
61 60
55 57
9 44
26 86
43 92
22 59
33 82
28 94
39 55
23 30
33 63
68 94
61 49
3 44
64 23
61 1
71 8
12 32
69 58
35 48
67 23
83 55
26 19
1 49
69 39
33 69
93 53
44 94
66 79
17 42
28 22
72 10
66 90
23 66
87 62
67 15
0 20
21 74
93 11
34 77
96 29
60 20
67 41
29 73
20 55
30 33
66 65
61 2
0 60
59 27
56 71
73 58
41 18
87 87
74 97
56 4
6 20
14 18
5 60
87 97
47 25
66 34
26 51
65 12
70 17
39 47
28 23
75 61
20 65
59 72
27 89
0 36
47 48
14 64
90 73
86 69
62 43
34 39
47 4
73 84
38 6
44 11
35 66
38 64
51 18
28 25
65 2
6 0
26 28
66 9
98 86
94 44
91 76
87 72
48 38
85 20
61 94
91 52
0 19
17 92
14 0
58 17
37 93
65 5
25 16
64 75
77 82
52 44
8 18
7 75
49 25
86 95
87 31
88 66
57 41
84 81
4 94
78 43
21 51
31 41
88 32
94 91
65 63
11 26
71 82
28 90
81 92
73 88
44 12
79 19
94 12
70 57
20 28
20 20
22 59
52 34
33 50
61 77
34 80
51 85
89 16
88 34
58 9
83 64
28 39
66 55
85 45
49 97
16 38
18 7
60 73
99 90
2 36
64 48
62 58
62 92
82 49
50 4
81 69
39 2
35 62
34 47
34 21
44 11
64 68
24 87
14 61
2 9
4 59
90 99
48 62
34 69
24 74
16 52
68 94
42 12
84 16
31 85
24 15
88 81
69 51
7 24
41 22
1 91
80 47
41 2
45 21
99 50
1 77
2 56
91 24
63 55
21 51
65 53
6 49
17 23
95 36
52 2
70 59
47 62
74 64
71 57
0 35
70 33
55 25
0 59
6 23
99 19
25 46
96 93
98 71
79 68
4 88
14 62
68 48
43 90
65 45
59 41
73 70
49 79
85 28
38 31
95 71
31 72
97 84
90 57
8 52
91 86
84 57
77 31
14 30
85 33
92 39
86 8
79 74
87 61
66 11
62 30
41 33
73 39
36 83
32 19
34 14
12 26
55 2
21 89
3 35
85 92
10 42
46 68
97 59
71 93
5 64
3 19
66 72
89 12
14 4
17 9
28 99
94 65
89 42
46 87
99 38
10 36
91 74
34 31
44 12
87 72
36 88
24 70
55 36
76 30
36 2
29 67
3 65
0 22
30 9
94 12
13 85
68 24
54 28
88 4
19 97
49 74
97 98
66 71
69 66
66 56
36 73
20 7
28 14
67 49
16 23
4 68
55 12
96 81
44 95
15 48
76 70
42 50
31 22
33 15
81 81
47 23
95 58
77 47
74 57
43 10
7 90
90 47
12 74
45 34
41 73
19 43
59 9
94 31
28 9
86 21
47 20
10 5
18 7
97 96
75 18
66 22
58 93
19 83
35 40
36 68
16 4
59 17
80 92
67 66
45 21
64 43
65 58
78 82
86 64
99 5
44 21
87 72
37 35
98 9
63 59
26 11
20 59
6 71
28 91
59 59
52 84
2 98
72 85
30 20
40 5
9 63
29 74
48 3
52 10
8 59
33 12
57 47
88 67
20 37
7 82
8 29
81 84
6 88
23 72
20 45
16 78
50 73
51 77
50 97
4 63
41 45
0 18
69 75
6 11
84 58
42 24
49 93
89 50
18 64
13 7
49 99
32 28
11 15
56 59
35 88
60 11
72 7
7 61
8 64
43 53
48 65
2 36
85 49
73 84
30 40
23 78
70 34
62 88
54 40
75 98
69 4
82 31
89 27
20 69
42 94
12 29
1 53
34 46
69 34
88 95
82 25
29 16
73 41
15 55
25 52
0 65
25 5
83 33
79 94
22 90
1 27
11 43
44 52
81 3
57 88
40 27
50 94
58 74
19 47
21 26
50 49
32 99
6 68
82 48
94 87
0 20
86 89
43 96
77 72
39 98
44 83
98 49
44 16
91 0
23 92
0 0
43 47
46 66
56 42
73 29
35 45
51 11
67 46
88 12
87 26
63 87
87 94
53 40
88 70
63 15
61 1
74 50
84 61
91 41
12 47
41 60
24 14
60 41
86 72
43 88
62 71
26 48
41 52
43 17
11 49
28 9
28 4
77 55
83 18
89 16
89 65
22 86
4 20
31 88
4 13
39 19
46 53
41 74
40 99
45 40
20 24
45 41
89 64
35 52
49 60
48 72
89 48
56 45
53 1
21 4
24 54
37 81
11 13
11 42
71 52
16 14
91 2
51 41
88 71
43 57
24 35
92 42
56 23
59 72
97 5
76 92
56 75
64 73
59 87
52 32
91 85
85 37
85 51
38 84
42 57
43 3
92 67
2 96
30 15
84 54
14 20
97 33
11 93
46 81
41 83
94 18
5 80
31 92
83 25
62 93
98 82
9 98
78 81
55 78
9 97
98 98
4 33
44 51
48 34
26 28
98 94
48 78
2 93
62 46
10 46
5 32
68 88
35 40
37 93
74 14
12 40
95 93
10 9
29 27
7 13
99 3
10 29
31 25
1 6
13 72
17 47
95 68
21 30
60 26
53 39
81 59
44 8
58 88
35 68
48 63
97 17
20 11
31 52
53 21
64 8
98 70
95 78
28 95
84 66
49 92
21 59
21 83
33 20
30 19
45 56
94 51
54 55
43 71
20 7
59 39
55 59
17 69
35 71
22 0
19 3
30 32
8 77
61 79
20 58
83 40
42 10
53 70
87 87
91 41
15 5
29 66
18 58
20 32
87 60
52 25
91 51
27 85
12 91
50 77
49 92
64 16
61 16
64 41
56 49
83 2
57 21
44 17
13 35
33 2
0 83
23 28
61 58
5 91
70 99
47 98
75 32
43 66
51 17
32 77
45 30
60 50
6 37
16 37
34 43
37 83
88 0
0 36
91 69
3 77
43 77
0 4
2 2
93 7
92 16
5 27
12 12
11 42
26 39
53 52
2 15
28 17
3 66
25 51
46 81
56 24
53 93
26 45
40 67
4 13
63 40
5 62
2 55
92 50
84 15
46 94
96 59
55 38
5 49
45 95
91 12
40 22
56 73
85 2
73 31
45 31
23 13
62 49
72 60
7 58
59 79
68 57
20 45
71 26
8 65
29 92
12 82
43 6
70 96
96 55
51 6
96 58
35 73
48 79
93 8
49 30
57 63
11 4
46 6
60 1
55 65
24 55
51 10
29 85
72 13
41 77
58 15
90 4
60 20
61 63
74 74
72 61
87 21
48 94
71 79
63 49
8 78
63 35
86 87
54 88
55 4
83 5
34 98
37 52
95 64
7 59
35 88
63 94
13 68
32 59
46 28
82 36
0 58
9 47
20 37
16 38
43 57
2 25
51 46
29 36
91 63
3 79
33 66
38 49
71 61
2 89
57 55
57 62
47 30
58 99
6 43
33 89
1 46
63 98
46 83
53 54
69 40
50 3
74 51
44 15
49 59
72 51
24 14
58 83
16 65
24 16
58 64
88 13
48 33
98 0
72 61
21 64
81 93
93 26
62 45
1 91
85 60
95 94
87 16
25 22
54 4
8 40
38 65
75 67
25 58
99 6
41 90
99 29
0 62
56 57
62 68
65 33
24 33
55 54
31 34
82 98
74 39
69 84
49 79
82 75
89 81
5 79
42 59
38 35
8 2
46 67
25 44
60 56
21 98
47 24
7 59
20 17
79 52
38 21
90 62
27 40
87 27
16 39
48 41
98 54
3 50
58 97
44 8
32 41
82 10
29 92
13 85
61 39
66 20
15 13
36 43
89 67
15 78
32 28
31 2
93 28
9 86
10 25
47 43
71 45
90 97
2 56
48 8
70 88
27 74
15 52
10 42
98 17
11 87
84 85
58 9
23 42
9 72
31 85
42 44
89 74
7 17
18 8
22 29
57 21
38 79
25 72
71 9
12 93
2 96
43 94
62 80
35 69
93 14
98 74
10 74
29 79
4 38
67 26
21 23
23 77
51 21
51 25
78 12
21 64
43 13
60 35
37 91
40 99
34 87
22 70
98 80
31 22
97 8
52 97
19 47
57 1
31 96
97 95
0 40
16 8
15 2
59 37
58 57
87 43
66 12
92 93
56 67
42 70
39 65
13 34
87 56
96 35
62 67
59 76
24 49
19 92
53 31
54 9
38 15
74 42
99 22
0 36
27 57
51 46
83 15
83 75
7 76
99 76
30 68
47 71
3 86
26 57
51 63
65 5
0 90
74 88
83 19
24 81
15 31
46 59
7 51
28 52
20 21
77 28
67 10
17 43
57 76
27 1
31 53
59 66
99 32
45 44
57 23
86 84
58 52
44 48
32 8
7 82
82 24
79 51
55 73
40 65
3 20
83 34
15 38
27 16
43 3
89 44
47 71
77 83
10 16
64 63
40 5
30 74
95 61
26 31
13 19
67 53
53 81
46 29
70 36
51 74
24 3
10 90
2 29
26 5
23 61
44 41
24 6
27 38
11 38
85 38
66 48
65 77
66 46
8 15
91 58
4 84
62 12
84 8
91 58
30 33
95 64
43 42
16 59
20 3
98 16
9 33
9 11
67 81
52 62
75 3
42 95
7 33
31 43
99 91
1 57
61 76
90 42
57 40
81 98
30 84
27 80
55 58
74 36
44 90
62 55
72 64
99 4
68 93
56 16
54 27
74 61
45 2
78 64
19 49
0 47
23 79
98 10
76 19
75 99
41 64
92 97
4 26
25 13
42 44
53 44
36 89
82 57
14 23
19 62
3 19
19 6
10 57
63 46
4 58
60 1
75 71
43 77
44 95
53 89
36 14
35 83
62 46
50 55
75 28
92 26
2 66
46 78
84 67
78 61
3 27
72 61
43 26
19 88
98 26
34 74
46 50
85 43
97 62
41 89
56 1
18 54
41 2
14 31
59 53
55 48
75 72
32 91
30 6
9 92
93 96
70 12
62 99
28 61
99 6
85 60
81 67
99 69
33 13
42 73
90 9
74 73
17 30
82 47
34 9
63 43
95 95
16 50
47 9
26 37
34 85
17 82
71 51
17 19
59 76
20 43
4 81
63 33
49 53
47 2
19 16
87 2
13 81
95 81
62 70
78 54
25 56
83 74
12 22
28 96
86 10
68 41
48 51
54 76
73 98
43 75
85 65
41 84
59 14
39 71
11 85
40 42
7 72
55 92
80 59
49 14
88 44
85 72
30 3
84 69
10 74
88 13
53 0
36 49
37 17
50 64
58 74
88 44
52 1
47 97
66 24
68 1
51 20
70 44
86 73
82 90
60 30
43 60
80 25
55 23
13 54
61 35
19 15
27 78
0 84
77 95
38 96
31 61
82 67
94 13
23 54
27 19
22 90
40 37
82 17
70 95
38 75
81 25
51 58
84 56
60 77
29 82
84 78
41 51
59 76
26 33
84 44
85 71
42 98
28 39
90 33
45 3
27 75
60 61
29 60
46 63
96 49
32 97
31 24
29 44
56 98
21 33
64 81
15 65
13 19
22 10
69 93
56 69
71 8
38 26
50 58
50 21
71 4
4 21
7 60
12 33
42 50
40 42
7 62
71 69
81 34
45 80
84 85
85 33
6 33
41 42
76 60
83 95
69 22
90 4
32 0
90 0
50 80
43 57
19 14
54 41
18 63
98 53
13 93
16 46
84 10
87 66
98 68
23 54
99 84
48 53
5 7
18 32
54 53
82 67
51 92
3 93
31 40
29 52
67 22
21 99
61 90
79 13
97 12
78 57
53 17
43 50
50 75
12 88
64 13
52 85
18 15
71 33
78 47
40 84
77 4
9 43
75 15
59 95
19 98
54 26
91 66
82 80
97 18
21 58
42 44
97 46
49 38
39 13
97 71
59 34
65 50
30 43
95 23
73 34
59 43
1 84
13 13
98 54
41 0
45 97
56 62
18 36
30 68
34 14
40 80
32 54
28 76
70 76
27 81
93 79
39 40
61 44
49 79
22 62
29 25
86 50
3 83
39 51
24 84
44 33
33 45
11 71
92 36
26 50
92 48
79 19
22 13
37 15
12 1
19 59
63 43
73 93
42 81
70 85
19 63
85 91
70 65
11 23
25 48
38 62
32 99
14 99
2 81
1 83
72 12
85 27
36 34
38 90
4 31
15 70
82 56
45 60
82 17
22 53
45 67
18 82
58 98
8 3
68 36
17 1
74 82
80 55
30 90
88 82
80 19
0 21
84 56
13 39
49 3
11 94
9 37
35 82
66 26
61 2
15 85
78 97
33 21
34 6
34 28
0 28
28 19
44 46
67 18
28 74
28 78
3 93
44 62
34 99
25 45
72 61
42 10
79 64
18 97
41 43
24 2
19 85
60 77
55 21
96 21
85 80
14 32
21 96
3 27
7 78
77 98
89 65
43 57
45 50
53 4
31 27
2 18
12 67
79 29
49 4
27 81
40 15
14 88
62 97
50 51
20 71
23 44
18 95
48 4
65 61
29 79
4 63
35 35
40 77
26 4
95 49
21 42
25 90
71 16
62 65
89 4
63 58
65 59
98 20
80 12
47 12
73 75
70 21
76 6
42 11
52 37
47 38
19 98
26 50
68 11
19 62
45 97
97 20
18 49
5 92
23 31
63 55
93 28
96 24
54 76
64 77
47 82
22 89
53 42
31 83
93 3
20 91
37 76
3 1
84 36
97 25
7 47
59 17
47 23
65 93
59 33
2 82
42 31
36 28
49 2
96 48
61 59
41 60
6 87
63 54
93 71
46 74
35 94
35 2
88 48
90 99
36 23
49 43
7 83
36 41
3 72
96 5
44 10
81 15
40 92
65 70
77 83
17 11
69 46
55 7
54 63
14 42
66 8
63 30
60 93
42 20
6 95
86 18
16 24
37 59
54 41
51 47
1 58
56 93
76 67
88 97
46 55
84 30
78 27
54 26
18 9
27 94
6 72
14 24
85 35
12 37
83 18
71 66
36 55
15 29
89 26
69 34
27 0
7 68
89 0
6 55
17 58
36 90
24 87
58 76
75 0
11 92
68 84
91 80
17 79
17 82
82 16
52 27
23 98
72 28
23 59
37 68
69 82
72 41
6 67
52 39
35 27
35 10
28 11
49 9
86 56
89 37
0 77
64 34
13 1
91 47
12 51
65 73
64 22
16 51
43 4
88 10
65 33
15 54
13 28
32 7
55 59
95 25
59 27
54 48
88 90
87 32
91 20
99 23
17 45
86 64
34 73
18 58
12 55
39 19
78 35
38 31
89 70
38 89
10 96
95 95
97 5
95 54
2 84
84 19
69 6
43 45
21 70
19 58
22 70
77 42
55 55
80 10
17 27
99 74
95 14
21 83
44 89
46 32
67 68
80 98
94 11
66 92
13 36
60 91
34 94
59 22
50 87
50 88
1 71
76 73
85 82
95 30
23 38
43 15
33 21
52 26
10 29
31 41
95 87
95 32
46 74
10 10
10 81
47 31
60 18
60 94
23 0
31 48
83 81
95 73
55 63
99 23
57 69
72 10
90 41
19 4
38 12
85 79
73 20
48 23
34 92
36 79
23 69
87 68
10 69
5 4
69 27
14 12
76 87
38 51
88 70
64 78
8 75
50 1
46 39
34 5
14 34
84 20
85 38
97 83
38 54
33 4
39 85
18 60
74 82
52 5
40 10
12 26
67 11
86 14
83 97
46 2
33 4
41 15
65 31
79 48
66 43
72 62
50 88
90 72
39 15
27 74
34 7
49 63
3 14
70 61
35 55
73 12
66 96
20 28
62 68
70 75
51 43
25 30
36 40
64 59
58 50
93 31
20 62
94 37
69 80
0 26
88 78
51 68
77 57
65 9
73 13
21 79
58 96
55 18
5 25
61 57
0 8
23 92
39 87
44 2
5 80
64 62
17 3
29 87
23 86
62 91
57 8
71 45
6 56
38 98
13 48
10 41
34 22
56 62
10 18
24 94
52 82
93 55
55 13
21 67
43 31
49 64
61 64
94 26
77 35
22 6
52 35
60 84
67 41
71 44
62 60
91 37
4 14
44 23
75 88
30 16
62 65
40 91
66 45
79 8
4 7
0 21
92 23
23 86
43 10
42 65
8 20
99 80
49 74
17 51
44 48
13 37
33 62
94 33
93 80
73 11
56 18
96 18
9 79
32 46
80 30
19 60
9 51
53 40
98 96
91 24
17 28
43 10
5 52
20 89
87 29
48 97
35 3
0 82
20 77
69 97
35 77
2 44
70 40
65 6
12 84
8 88
27 7
4 43
1 28
13 69
14 54
95 49
39 51
77 94
74 80
36 90
54 87
15 70
82 18
1 32
92 17
32 5
34 65
34 21
89 27
59 31
59 46
1 55
95 77
8 81
99 44
29 53
39 29
72 51
60 54
53 56
48 74
33 43
71 82
90 26
65 47
21 49
4 29
50 86
56 41
3 96
39 15
50 17
12 96
54 95
19 85
13 91
30 17
66 24
61 29
7 8
30 64
52 82
67 18
24 82
22 11
99 89
2 58
2 72
98 69
11 29
5 5
52 47
39 23
63 20
96 32
5 46
80 45
39 91
6 84
25 84
21 3
27 95
12 83
75 23
36 40
31 89
79 95
52 31
7 7
41 17
74 43
33 16
32 13
86 6
46 35
17 11
55 98
0 19
43 69
6 18
34 84
27 61
38 4
97 75
59 88
96 84
4 69
31 85
98 78
74 75
62 5
50 63
3 83
93 90
21 31
71 77
38 73
74 83
42 91
98 25
75 7
60 88
25 62
4 17
62 5
17 12
67 62
2 78
53 21
64 4
28 89
34 63
50 72
42 25
87 56
73 79
28 1
13 97
98 4
2 53
46 58
46 35
36 47
51 10
30 83
90 55
84 72
88 60
4 78
59 67
71 63
34 44
13 72
82 47
32 97
84 89
88 74
89 20
35 96
54 40
95 43
61 43
58 58
41 40
25 63
27 24
25 29
25 44
74 44
33 22
28 29
32 92
2 85
76 62
58 72
7 33
98 55
76 88
50 85
41 61
65 68
16 45
23 73
22 26
26 43
4 9
57 72
3 51
20 16
9 86
11 0
43 24
11 44
53 26
1 75
1 10
74 61
46 13
26 65
74 40
49 87
8 54
14 57
60 37
63 94
19 25
66 27
46 18
87 14
27 52
75 83
23 33
14 84
97 45
38 36
76 7
92 49
61 83
23 79
76 76
24 87
36 45
99 66
97 35
64 79
94 75
94 1
2 51
98 89
75 3
54 66
90 39
37 90
79 20
81 31
70 14
86 68
46 59
76 94
73 56
31 65
98 66
56 12
47 6
83 21
45 85
94 75
16 46
94 7
55 59
44 3
40 96
76 56
67 2
47 90
12 79
26 31
60 37
60 58
64 16
49 96
15 92
17 22
66 51
39 44
52 68
52 37
29 47
28 78
69 58
82 89
79 66
65 99
12 94
53 46
17 63
94 30
52 11
95 49
95 98
98 67
48 48
90 8
38 75
69 86
55 93
75 96
70 32
25 24
45 37
25 17
74 36
43 29
75 28
24 28
52 83
22 16
30 73
75 46
82 5
65 69
9 34
19 15
48 40
23 41
51 42
38 6
68 21
96 9
11 93
7 86
37 77
46 24
54 93
21 31
21 22
0 45
55 55
57 28
16 94
26 87
82 41
95 5
5 30
4 44
51 71
69 29
24 26
64 89
25 68
5 39
3 60
52 74
19 92
76 68
67 11
40 34
48 97
61 3
51 42
3 50
92 74
45 53
83 61
48 47
11 55
26 24
99 92
2 75
92 62
43 28
48 52
85 61
39 6
33 88
32 10
14 50
55 59
74 26
75 38
55 89
16 78
2 37
12 60
20 14
6 70
16 97
47 32
33 74
19 90
56 43
5 98
6 72
41 33
89 18
38 68
40 21
70 71
26 57
0 69
66 86
28 58
65 57
74 94
72 72
26 16
76 43
59 46
14 82
7 35
63 12
6 99
84 40
39 63
51 11
1 10
72 55
94 46
0 91
51 83
23 14
43 94
33 54
48 11
37 32
51 11
68 50
19 21
43 55
91 80
23 21
61 39
29 95
91 47
18 94
5 8
46 39
49 22
96 81
37 85
19 52
72 12
86 83
40 44
5 38
85 99
39 33
0 84
21 8
5 82
29 91
66 41
63 32
58 57
64 21
84 70
34 74
78 88
10 11
61 25
53 41
32 27
64 81
39 93
74 39
95 1
97 47
19 33
36 98
23 57
21 72
25 57
86 41
73 11
15 11
42 46
79 60
70 24
13 81
22 25
82 19
53 17
96 34
56 82
62 29
33 89
96 78
17 59
75 24
17 62
0 81
13 98
16 16
26 25
98 64
18 85
48 78
59 27
15 81
82 80
12 61
96 44
70 90
52 38
32 57
3 36
82 27
32 93
96 4
70 41
4 31
95 67
19 76
84 63
15 92
88 63
11 85
70 47
0 41
95 72
33 71
54 97
95 70
71 56
73 11
57 98
70 48
36 65
42 85
58 8
86 26
98 94
44 72
23 64
40 95
72 93
32 38
43 33
61 3
39 8
9 64
44 73
15 94
52 92
31 83
20 18
58 99
30 42
72 51
83 25
98 20
29 35
73 53
36 89
9 85
32 33
50 24
41 44
5 13
40 25
13 82
43 60
73 32
79 77
81 88
51 15
9 28
35 13
25 71
12 80
35 4
28 62
22 4
86 93
86 23
99 92
79 15
69 73
1 35
93 6
33 81
86 61
16 49
58 11
68 77
2 90
34 29
30 68
52 1
50 66
20 60
12 43
88 7
41 59
23 23
5 38
87 74
85 11
82 86
82 68
94 98
61 75
88 91
5 32
43 45
18 32
49 34
80 70
99 6
97 42
85 50
82 47
48 13
17 23
26 80
7 79
46 87
18 2
24 28
33 79
81 71
0 24
91 70
93 45
5 37
59 30
48 73
21 61
57 2
17 31
68 67
13 84
60 71
19 81
84 95
51 58
57 81
67 13
84 82
93 77
38 65
12 27
30 77
92 39
97 14
38 72
37 93
13 15
1 91
12 3
49 76
11 57
31 46
26 94
35 60
10 98
57 94
9 80
49 24
84 4
69 52
13 29
26 74
73 98
43 86
42 86
44 40
36 39
62 99
58 42
99 32
66 65
71 6
16 50
16 12
45 81
39 59
45 67
57 77
7 77
52 93
81 36
82 40
89 52
80 18
35 77
0 63
55 1
13 5
20 16
14 56
91 7
89 43
98 30
32 26
30 70
87 57
85 9
29 29
23 75
43 10
76 4
97 98
34 24
3 74
91 24
88 29
69 85
25 29
96 88
91 60
17 96
58 4
78 3
49 89
10 49
98 72
17 9
26 12
24 68
53 80
43 67
10 82
90 72
82 72
18 83
38 38
6 86
70 15
53 99
65 49
17 22
64 50
60 1
81 54
33 26
95 35
66 74
95 77
44 58
13 92
41 27
68 50
34 65
19 24
6 94
66 26
47 28
28 99
25 69
20 6
75 64
58 51
19 40
32 20
58 62
1 91
47 33
85 34
28 10
71 99
51 65
17 42
22 43
55 91
75 48
47 46
75 51
95 7
16 53
11 35
76 85
56 29
53 23
40 72
3 15
34 7
42 42
46 14
32 48
26 20
15 54
34 83
39 51
23 26
96 94
31 3
98 15
78 71
72 55
39 98
14 36
89 53
37 44
55 26
54 5
87 15
65 86
82 53
4 62
47 10
66 67
59 61
51 51
6 92
10 86
37 60
20 52
24 21
57 89
93 87
65 84
89 13
74 53
69 87
86 3
95 37
32 48
18 61
16 38
36 38
94 26
94 31
93 67
16 38
21 7
70 79
18 67
80 55
57 91
85 66
81 70
24 44
51 11
87 99
40 2
25 62
35 74
74 79
20 12
67 57
59 69
72 26
42 39
92 58
61 24
81 19
93 29
97 85
91 98
70 51
77 62
84 40
61 87
17 85
5 71
93 51
29 77
95 50
49 51
5 84
60 50
85 78
59 86
43 83
79 46
77 51
32 31
41 73
51 49
59 58
95 91
82 10
88 27
71 40
31 31
71 14
46 23
77 59
33 98
70 17
98 61
6 90
95 89
17 15
63 46
5 85
6 36
44 72
26 14
29 61
27 91
11 22
20 41
93 96
49 45
45 94
14 46
77 52
2 46
25 13
1 21
79 51
66 77
44 48
86 75
32 18
16 59
37 92
80 72
94 42
72 13
80 72
7 18
35 60
44 39
96 17
50 6
32 90
75 59
96 59
92 92
98 28
55 93
20 29
21 92
96 12
83 39
20 20
80 75
67 28
12 87
43 84
20 5
92 19
52 58
14 83
77 10
36 23
17 21
43 84
73 65
28 58
71 64
21 24
23 64
66 70
13 90
92 53
6 79
31 66
33 84
61 58
2 60
58 30
57 82
73 98
93 83
47 75
83 97
1 87
98 18
32 75
15 37
94 79
78 27
88 4
8 78
7 41
27 0
92 12
61 58
13 27
19 65
49 87
90 83
97 15
12 17
23 21
89 75
44 74
52 66
7 72
91 23
73 69
9 71
82 29
44 69
45 94
40 79
11 49
78 52
77 5
1 2
92 44
76 21
69 99
19 25
61 21
52 57
36 93
61 89
72 2
22 40
50 59
34 28
40 39
92 17
3 28
55 96
94 75
74 1
35 86
11 95
30 32
3 86
40 71
75 20
5 3
25 11
88 94
44 84
77 63
12 58
35 77
7 3
86 68
55 75
72 49
95 44
74 15
12 5
7 0
64 10
91 25
35 30
24 34
37 90
87 92
35 21
59 36
42 94
82 23
97 82
21 30
60 65
77 57
39 40
58 85
98 19
35 91
58 55
52 79
54 22
73 20
18 8
93 8
82 96
29 62
8 25
69 96
8 48
95 8
9 95
64 47
45 30
16 60
9 11
5 46
90 80
43 9
19 19
17 92
64 39
78 37
20 74
95 90
64 45
89 7
77 80
98 50
21 95
57 93
30 75
60 32
90 43
95 0
98 51
51 77
20 57
53 41
80 18
48 50
65 78
27 58
55 29
21 15
58 99
35 16
10 12
48 98
4 57
16 68
90 56
96 20
53 44
63 80
38 10
93 22
82 60
94 91
93 2
2 72
35 59
87 27
58 24
66 7
98 83
55 43
69 47
30 78
96 4
8 12
66 7
1 9
24 94
93 50
44 80
53 6
56 67
42 15
47 68
29 0
70 72
86 73
56 52
29 72
96 50
37 4
41 84
70 71
13 11
70 53
46 26
1 61
53 52
67 8
62 82
52 82
46 74
20 74
86 29
73 32
29 13
90 94
8 51
48 25
64 83
93 80
13 20
88 60
56 71
96 88
65 18
26 55
91 90
9 94
29 55
51 9
83 57
28 8
16 38
90 95
93 28
28 32
99 59
70 83
31 56
91 16
13 95
42 69
14 83
48 59
97 49
83 70
20 55
35 50
74 21
85 13
2 9
13 3
12 67
19 19
94 81
