200 200
200
27 141
53 122
189 77
102 21
77 61
153 103
72 191
186 120
90 130
7 82
81 119
22 66
192 91
107 190
159 164
75 46
38 15
119 58
106 26
196 46
160 57
82 150
12 90
170 30
144 50
58 44
148 167
54 164
32 5
44 14
1 101
156 187
5 12
97 55
159 185
18 13
77 48
17 32
183 90
2 147
128 82
116 175
72 96
193 24
75 130
66 170
63 23
56 103
105 50
103 171
122 181
180 47
170 8
62 179
11 7
49 33
113 170
160 62
98 167
17 196
89 178
7 103
105 199
174 112
190 50
43 131
129 35
30 28
192 3
51 87
156 87
11 96
39 139
29 191
144 54
11 73
178 72
196 150
145 174
65 115
63 160
130 27
129 162
114 72
5 192
63 154
7 105
9 158
121 139
120 146
154 43
195 180
183 178
81 199
86 141
129 9
31 151
98 127
29 107
140 127
63 26
102 26
187 4
74 54
138 6
88 61
180 38
21 13
197 113
65 90
89 54
90 102
153 186
61 119
179 87
121 176
97 77
113 179
192 44
160 142
34 140
159 64
70 193
97 84
29 152
18 144
68 110
108 2
31 22
106 169
146 9
10 107
74 115
97 73
15 144
50 25
54 45
141 46
187 86
70 62
128 113
163 158
74 16
159 197
191 179
133 71
191 173
123 108
92 113
191 24
97 109
78 17
109 137
152 122
33 18
172 108
136 54
136 132
183 48
144 93
115 41
104 11
115 123
54 42
29 129
96 59
25 146
73 41
128 68
157 9
121 111
110 189
51 17
117 104
108 195
183 108
10 7
88 103
55 79
185 52
92 164
109 11
153 159
181 41
81 78
138 77
112 137
171 175
37 72
113 5
41 21
12 170
116 182
69 49
166 195
18 59
141 140
121 187
118 198
86 73
68 138
4 76
126 48
99 91
66 31
178 169
20 32
55 133
47 121
140 147
87 2
141 75
20 155
75 183
118 73
80 6
195 130
186 134
27 28
134 27
2 73
79 21
94 84
72 35
14 22
197 65
158 3
158 139
103 38
151 35
158 195
57 166
88 77
10 137
88 59
101 199
189 77
33 193
168 14
199 132
3 53
197 142
198 111
185 187
46 161
136 14
128 125
13 20
103 181
66 12
161 60
68 181
93 181
40 153
67 190
183 172
4 123
125 163
191 30
145 87
20 133
73 95
79 122
16 155
74 9
29 189
95 0
66 74
137 22
51 37
107 30
122 185
151 71
83 13
64 166
191 122
84 132
193 43
138 140
117 151
178 182
55 192
10 171
166 159
88 32
11 156
14 112
120 176
52 73
137 166
0 49
61 115
65 164
170 154
183 186
149 104
21 31
166 16
108 130
11 173
44 24
199 0
169 11
96 117
95 140
85 144
104 19
199 199
78 174
191 93
184 61
95 59
102 150
129 126
161 134
191 136
101 145
161 120
46 58
195 25
44 66
15 14
144 192
183 47
92 100
184 62
188 144
178 115
46 186
133 29
67 131
198 188
109 36
146 83
76 114
60 133
116 21
20 107
13 199
99 130
34 163
179 69
162 98
55 137
62 179
49 186
4 13
153 63
63 4
134 109
72 56
98 151
110 97
82 146
2 42
105 98
86 42
184 50
158 26
136 90
75 7
79 154
101 46
112 1
165 118
68 184
81 24
56 71
14 137
116 28
131 189
154 45
2 8
163 182
114 52
117 127
171 96
156 12
48 128
33 118
52 6
73 25
158 36
76 3
121 97
127 128
5 74
125 5
63 60
77 96
97 108
92 98
75 24
112 142
198 3
56 115
54 165
12 61
53 77
87 57
55 198
2 116
87 131
21 171
41 73
162 22
26 52
13 39
73 105
72 72
79 103
199 191
95 27
107 182
12 116
74 93
139 48
24 187
151 16
192 127
100 117
196 108
19 118
141 198
109 128
76 47
86 149
124 181
129 62
48 105
5 99
196 31
23 26
73 41
199 40
177 141
65 187
112 116
76 58
98 39
80 38
123 17
55 179
106 111
77 115
86 145
92 126
197 70
44 31
69 110
10 95
127 192
199 195
181 96
5 91
14 111
11 82
34 144
104 75
180 107
97 8
88 140
68 45
8 91
15 110
17 170
148 16
181 18
42 82
43 93
6 131
139 14
115 193
161 104
105 105
74 65
155 121
22 120
96 102
39 29
93 22
20 79
57 18
138 56
197 77
24 169
188 61
114 170
114 61
102 8
41 191
113 30
72 69
186 190
142 171
66 10
177 40
77 174
78 119
2 59
180 31
128 69
152 38
147 130
2 17
145 43
2 81
150 124
72 167
198 57
187 92
174 130
185 61
95 69
112 103
178 62
179 67
126 133
149 131
121 197
33 20
143 146
147 68
7 82
167 51
160 43
68 195
136 56
104 28
116 56
170 60
10 66
181 160
154 140
85 106
188 23
190 109
169 43
43 99
111 47
21 107
98 57
175 112
43 1
39 168
174 76
194 12
37 121
185 5
161 55
82 53
180 183
199 46
162 79
103 93
22 19
117 190
125 153
22 21
8 141
51 125
156 171
187 105
54 85
119 87
63 38
105 1
199 185
129 177
105 196
125 104
70 74
162 140
113 68
4 44
87 197
197 66
8 190
129 48
195 49
126 149
170 197
196 36
175 138
82 152
24 18
94 71
196 140
6 88
182 105
41 168
79 11
186 124
77 172
131 68
192 84
33 112
196 110
95 52
198 18
62 26
2 184
106 21
125 94
189 136
56 137
137 87
26 190
85 186
91 186
33 74
170 11
97 142
196 75
168 84
188 165
48 170
110 44
62 61
32 76
84 4
177 178
66 16
112 161
135 81
64 191
106 87
40 13
120 73
179 111
105 153
149 136
159 127
20 150
63 141
27 146
26 79
189 82
58 180
189 145
115 43
173 67
117 76
152 75
45 39
128 53
79 33
104 190
199 145
134 124
132 190
137 199
163 72
87 10
30 77
73 144
145 92
189 187
164 144
171 160
124 151
39 0
163 63
145 185
111 146
153 175
36 153
122 142
109 186
57 162
190 178
148 76
194 62
185 145
186 96
183 105
151 24
69 112
128 42
49 121
177 115
173 30
97 160
142 84
100 170
96 23
139 149
122 132
75 145
49 149
196 77
74 72
40 119
17 182
141 196
63 107
72 76
91 147
173 191
190 176
0 87
164 26
44 79
161 107
173 64
74 29
129 81
129 122
113 132
135 45
26 49
176 109
88 45
175 194
115 67
117 47
101 62
52 133
129 179
98 125
197 19
5 42
126 137
22 114
20 51
52 133
65 46
177 176
16 177
133 70
36 189
175 106
10 35
56 94
18 11
136 8
123 119
34 71
195 173
30 130
74 160
79 58
120 128
164 179
130 177
111 47
143 60
75 9
189 30
85 84
108 24
181 20
118 19
175 173
177 121
74 3
93 122
104 42
117 178
136 92
183 94
195 106
196 68
4 101
50 179
128 115
40 148
173 56
130 16
51 164
42 36
97 172
151 51
188 98
157 17
20 173
98 195
63 54
187 79
176 80
195 192
149 141
150 48
57 110
189 184
0 197
158 182
78 119
83 89
135 161
120 182
120 173
101 179
107 133
120 90
32 90
134 57
28 76
102 5
31 199
45 173
83 80
49 170
126 180
120 140
108 4
115 119
12 144
175 113
92 55
173 37
22 44
195 81
67 188
39 103
167 126
198 191
73 77
59 49
113 53
183 185
74 99
136 42
3 26
60 99
0 149
85 79
137 15
84 90
30 109
130 179
61 0
92 68
165 100
47 193
107 14
197 117
193 194
123 149
124 15
158 45
26 185
52 166
183 77
12 128
25 187
125 23
54 163
143 6
48 3
126 102
168 150
68 115
10 40
53 99
67 184
124 6
27 95
58 120
65 194
58 173
15 79
129 39
47 17
132 77
136 2
122 148
169 140
15 154
101 155
12 31
81 133
93 112
196 21
91 166
97 195
138 128
147 179
198 101
61 95
78 132
182 186
140 109
175 138
178 175
58 136
150 23
115 37
161 161
189 5
140 174
169 196
112 13
99 55
100 33
101 142
124 82
69 143
61 124
5 139
73 158
168 7
84 29
70 121
101 41
10 158
141 15
18 150
126 113
16 136
42 73
181 132
167 64
151 193
184 148
23 85
176 177
86 3
46 57
120 187
186 146
72 142
172 15
155 135
117 77
198 106
177 164
195 24
77 127
88 121
171 60
107 54
156 47
167 161
24 184
15 48
194 19
113 123
69 145
179 45
29 77
133 23
1 9
164 8
46 198
129 101
2 164
145 105
140 15
161 144
72 111
171 96
15 30
100 156
172 118
165 145
47 134
82 164
117 59
11 181
97 45
115 164
123 95
113 86
106 90
141 103
67 105
35 30
193 193
112 76
94 42
76 31
113 60
106 90
134 75
109 148
30 117
156 65
196 64
120 142
25 90
128 28
15 18
2 67
119 87
65 14
16 50
9 43
7 141
59 188
69 54
16 166
85 106
58 189
104 56
12 180
88 197
199 92
123 90
180 195
119 0
188 2
45 3
117 167
181 127
138 56
37 5
110 151
23 98
159 94
133 66
178 156
197 46
155 130
32 10
38 177
32 182
198 193
102 11
14 139
110 106
156 130
168 37
49 153
52 85
145 68
170 4
43 40
134 141
117 138
195 29
68 29
26 96
1 52
81 160
64 19
112 138
175 178
58 3
40 186
18 29
76 48
175 50
3 101
117 198
187 115
185 102
187 17
86 39
22 94
62 28
111 57
7 11
190 91
30 130
91 83
82 58
174 176
1 167
165 123
162 97
192 81
166 14
33 147
9 119
171 104
157 136
144 111
38 121
50 18
172 129
54 82
77 144
173 163
191 144
74 82
187 61
116 189
78 191
104 199
88 168
198 167
146 157
144 116
167 6
137 178
142 131
100 186
69 142
60 126
138 190
137 62
142 155
104 186
81 0
77 88
50 169
182 130
154 59
14 195
106 46
92 101
60 65
184 39
15 139
9 133
185 84
84 65
62 182
164 79
183 68
95 38
157 23
105 14
159 20
192 56
169 190
169 172
54 81
149 28
109 91
95 59
93 17
158 56
119 40
32 26
27 17
78 106
161 195
159 178
20 187
125 174
11 1
189 8
122 11
69 0
100 41
156 165
123 88
81 150
117 113
177 173
32 27
130 93
35 91
180 96
155 10
95 170
58 51
142 142
43 134
73 161
181 191
51 136
82 87
128 65
115 138
144 133
20 113
83 148
162 34
127 148
181 193
31 76
119 39
151 99
154 62
96 69
109 9
101 142
89 37
11 2
107 199
52 144
84 69
33 162
49 107
93 158
5 136
131 39
46 58
167 56
198 25
157 40
37 80
49 142
113 199
187 117
134 127
22 29
162 164
83 8
72 107
57 91
148 35
119 123
155 103
88 29
108 78
115 15
17 145
53 197
189 103
62 136
18 98
156 27
85 95
110 6
97 154
128 163
179 106
48 190
187 181
55 92
125 136
108 118
102 149
198 158
80 93
84 103
157 3
87 37
84 113
137 165
143 46
28 46
199 27
156 144
175 183
48 34
17 154
52 1
133 38
142 21
112 184
28 102
187 46
138 150
121 196
189 96
191 190
171 126
55 166
37 27
178 93
102 101
48 112
38 126
48 1
10 60
68 59
121 129
72 41
69 21
27 58
133 21
105 122
80 118
12 123
153 186
196 87
158 113
147 143
159 95
51 123
160 43
73 76
141 150
17 6
30 107
2 175
78 79
157 176
77 126
80 94
71 130
169 193
114 140
76 61
143 36
184 21
187 23
87 94
182 47
30 47
9 65
18 180
108 119
116 77
162 129
191 68
122 14
158 29
178 86
51 163
70 173
56 49
119 144
186 66
183 48
57 147
164 41
89 164
122 61
179 196
88 172
145 94
174 108
199 85
25 86
19 153
142 109
72 65
12 17
24 73
87 19
188 148
92 195
49 61
84 100
79 175
108 150
159 124
58 115
182 144
54 172
198 180
162 75
0 176
57 161
168 115
137 145
51 70
92 118
155 195
115 0
73 106
198 138
75 171
48 26
198 95
169 165
193 137
140 169
45 118
142 66
176 166
172 136
38 171
103 174
74 169
154 79
15 66
43 75
55 192
172 6
148 179
7 147
22 152
113 77
46 97
66 59
179 142
187 147
48 163
98 23
170 74
131 126
159 36
144 174
194 186
170 68
0 88
82 57
143 59
105 10
193 46
125 95
21 121
74 48
39 60
176 5
44 40
60 55
135 170
128 86
78 10
27 188
126 110
55 152
31 74
24 86
129 127
64 28
65 87
157 162
113 108
34 62
142 139
98 17
1 61
184 17
87 81
92 60
16 20
106 115
192 169
80 52
28 68
99 74
116 111
113 61
70 181
5 116
179 112
23 58
64 184
57 92
8 111
157 14
195 122
30 139
39 118
189 52
61 184
117 63
161 186
198 9
176 107
106 58
25 78
144 35
70 115
51 79
81 62
185 79
4 97
112 10
147 190
90 27
135 184
67 134
143 79
78 31
121 97
159 144
198 108
156 16
41 61
112 54
25 21
25 147
55 124
192 62
91 75
73 179
27 156
139 193
98 29
196 178
102 114
16 136
100 44
66 45
168 101
72 101
32 189
96 38
197 157
89 185
153 26
186 191
28 16
153 47
47 117
192 182
139 147
12 130
93 57
48 39
124 107
35 192
185 73
54 28
70 164
62 153
86 119
72 63
100 122
150 29
137 80
70 100
186 66
26 154
139 147
127 174
195 128
94 93
90 155
97 164
38 44
39 93
21 54
157 23
36 68
172 11
167 192
199 83
137 133
102 199
88 97
160 10
97 94
27 194
9 76
38 80
16 86
185 156
32 148
64 62
162 9
13 1
86 87
138 138
30 159
106 47
80 176
37 116
72 54
144 87
40 76
102 41
67 121
129 164
162 107
20 40
93 133
35 26
143 47
10 119
8 90
131 68
129 17
154 67
175 71
87 179
7 84
140 125
47 141
56 26
172 26
76 179
16 29
135 51
26 199
78 5
106 147
112 173
178 12
152 136
26 129
197 12
111 14
190 47
162 167
1 0
171 129
67 166
18 37
150 197
139 65
121 14
41 64
60 151
65 86
55 78
11 137
165 91
109 181
92 60
18 100
136 166
178 141
47 17
24 115
143 148
51 195
123 11
59 40
44 170
38 155
191 133
175 73
38 196
61 199
191 16
149 186
78 50
155 38
31 78
187 197
90 24
133 151
196 21
113 75
6 144
92 84
24 55
67 92
183 95
168 133
124 137
83 188
19 94
146 87
170 151
71 156
7 51
1 131
127 185
156 115
113 178
27 83
117 161
79 30
48 85
38 52
107 7
162 128
199 191
26 76
180 17
182 130
65 193
197 8
195 184
160 22
190 182
14 70
192 28
30 140
132 99
23 36
38 64
55 159
26 131
20 17
151 192
175 15
16 144
125 43
146 85
117 25
49 75
159 184
32 35
70 5
36 89
9 16
18 91
60 161
103 136
197 88
29 56
42 99
113 181
160 170
122 132
112 197
136 21
76 72
33 36
172 135
152 25
180 172
57 67
11 68
176 68
62 35
37 55
38 79
73 17
63 138
125 147
94 176
58 140
57 67
89 77
37 146
148 18
145 191
106 122
57 188
86 139
111 21
190 188
123 93
177 62
117 0
159 184
130 137
142 117
93 71
158 19
66 198
24 35
163 48
98 185
27 155
71 79
63 100
165 99
193 56
151 171
67 43
125 131
5 46
65 150
94 56
11 147
167 77
2 8
75 178
166 180
150 173
27 7
144 47
53 143
1 39
13 43
11 188
186 143
5 6
53 136
165 119
136 54
10 171
193 146
124 93
184 12
31 144
152 143
176 67
73 2
148 92
42 132
179 161
140 180
150 12
37 97
136 117
127 47
128 136
27 66
99 14
38 110
26 145
173 122
169 107
67 35
101 54
30 26
86 191
68 170
146 82
155 2
93 109
132 31
54 120
95 86
92 23
154 168
179 87
45 194
177 77
146 9
7 173
72 0
141 39
21 2
55 168
80 48
138 139
26 151
115 73
165 157
1 82
186 165
73 4
192 59
21 21
15 10
187 131
69 58
36 145
123 84
197 69
194 74
188 163
65 71
24 36
11 19
27 62
178 22
160 124
39 128
148 169
71 175
14 85
68 199
36 10
193 6
175 40
166 83
93 80
27 89
181 181
41 46
126 150
98 146
76 171
120 46
88 100
117 194
110 157
1 151
171 56
26 185
24 164
99 71
73 116
177 98
66 132
47 69
111 97
16 144
112 110
122 139
196 120
156 81
152 184
25 109
195 57
48 190
158 138
3 6
104 151
119 31
193 135
102 52
34 148
110 113
96 180
65 151
123 89
83 9
145 86
82 93
159 94
56 156
49 86
63 85
108 152
103 53
119 41
65 124
121 161
149 52
75 169
170 118
86 80
107 1
34 93
47 127
66 73
134 85
103 151
119 122
39 17
43 115
2 98
120 22
116 133
77 52
118 119
169 168
131 49
127 123
74 196
31 4
194 121
12 36
169 39
160 82
100 80
105 132
96 155
25 140
43 177
118 89
24 194
154 6
118 133
163 87
198 3
182 109
156 17
71 89
107 1
185 71
53 56
1 163
180 118
73 136
192 163
131 5
4 66
50 13
101 119
189 8
8 140
88 107
159 177
148 157
29 155
115 115
126 42
51 91
189 172
108 103
10 158
140 156
42 157
56 171
19 31
194 54
64 144
73 156
173 111
41 91
56 42
122 19
24 54
146 100
65 89
129 68
6 157
127 148
116 107
138 24
2 187
150 36
162 86
175 112
175 4
20 29
172 3
57 174
167 190
31 71
85 136
141 149
175 185
47 9
31 53
54 179
124 190
147 39
103 178
160 70
155 120
116 25
79 193
31 71
29 22
92 33
192 42
186 198
191 146
89 151
107 90
132 198
40 122
65 21
30 178
97 43
159 0
156 9
167 10
25 21
45 64
60 23
75 86
2 149
3 126
138 20
176 0
41 89
48 54
74 152
155 41
144 21
87 182
156 117
150 25
120 15
178 28
54 192
58 157
110 173
147 68
78 100
77 69
104 48
179 89
16 167
103 38
166 100
120 64
186 39
72 17
30 45
106 1
150 96
79 180
197 182
157 157
41 37
126 13
25 124
164 161
165 60
8 167
157 188
149 120
109 102
80 102
160 151
178 196
50 129
5 21
5 58
0 96
100 185
56 52
22 145
48 158
160 111
193 149
82 114
23 79
152 101
153 27
167 66
12 86
20 54
15 150
69 85
90 26
96 22
35 21
64 59
176 161
186 121
22 60
0 140
28 101
44 130
42 78
34 191
78 136
175 97
141 24
12 148
166 122
18 28
40 2
16 76
136 130
48 90
115 100
23 139
60 37
143 143
190 127
124 162
47 98
6 88
119 142
42 85
174 142
153 1
193 173
144 123
169 54
126 132
78 129
199 129
35 15
63 183
122 139
8 18
139 94
5 92
147 10
90 182
128 182
6 133
120 43
20 114
29 193
87 143
88 169
104 36
129 189
135 62
112 60
20 122
41 27
67 104
82 39
161 61
152 69
15 68
168 127
100 190
134 140
26 41
92 55
45 85
150 27
145 199
27 119
144 146
119 100
181 169
177 19
161 122
64 186
130 116
143 143
71 125
122 156
16 29
139 184
162 186
29 54
1 145
199 44
32 70
154 194
23 145
76 125
101 63
20 11
80 20
12 146
85 166
114 96
191 59
196 49
0 95
110 51
148 118
39 97
20 66
59 90
57 139
79 98
197 114
108 45
128 193
62 28
196 108
124 138
156 168
30 190
126 21
59 19
186 182
189 8
174 83
165 181
88 135
23 166
152 15
124 129
130 99
153 95
119 67
25 52
30 87
68 57
106 146
153 77
172 173
87 122
104 95
38 188
117 139
83 135
175 175
134 65
126 181
168 118
54 48
119 109
52 55
126 128
146 132
22 28
147 174
143 69
182 12
137 117
167 77
176 166
119 65
60 45
16 93
12 173
20 150
49 150
148 159
136 42
88 108
77 88
111 93
42 81
172 92
91 144
51 78
66 43
119 138
140 156
52 37
164 16
178 83
76 30
97 196
149 13
155 138
34 39
34 194
7 62
142 0
30 72
106 146
76 54
106 107
105 174
105 179
187 174
165 112
57 194
79 182
123 124
107 48
171 60
132 70
150 68
163 160
146 137
198 130
183 198
128 156
112 140
76 114
17 15
184 193
32 71
126 58
110 21
39 87
161 183
98 93
75 114
135 157
127 96
104 189
137 77
81 186
53 158
68 56
184 156
44 162
158 44
82 7
157 116
120 133
173 199
20 11
8 148
158 123
98 98
129 39
57 2
67 28
42 173
20 43
1 101
2 24
90 146
190 177
106 177
97 111
179 137
12 23
104 73
107 96
37 141
85 82
61 60
180 78
148 140
175 59
57 57
177 61
54 191
18 171
42 146
151 179
112 164
46 40
126 151
33 147
156 167
144 92
40 161
172 77
56 191
111 73
114 137
128 101
135 12
101 86
67 81
72 159
156 26
88 66
128 99
138 10
63 136
146 54
168 60
95 112
187 119
97 21
49 26
191 196
167 121
192 190
172 79
152 111
54 67
120 20
59 155
105 197
150 63
197 13
157 53
69 80
185 28
128 136
158 63
122 142
26 28
177 137
156 56
182 39
106 10
95 28
53 28
85 114
68 162
166 161
120 173
176 146
57 92
103 70
22 15
143 5
13 119
179 118
160 25
36 134
26 165
123 23
75 157
170 190
195 150
117 119
85 175
96 177
158 127
165 28
20 115
11 11
148 175
142 127
30 161
2 57
197 177
93 186
20 83
134 165
189 42
78 159
186 111
108 141
97 159
27 166
82 158
176 110
45 55
142 115
25 103
186 8
78 124
93 101
91 184
163 168
162 7
195 118
182 57
69 172
146 26
80 86
123 42
109 14
197 57
117 30
58 66
125 122
162 18
103 91
185 9
22 161
112 1
64 128
186 60
144 55
22 5
42 91
165 177
110 199
90 40
176 183
125 60
55 51
107 199
26 146
24 56
68 49
90 34
144 29
24 137
174 104
106 195
89 0
162 63
128 122
23 102
172 123
53 180
103 166
125 77
15 121
44 100
30 89
114 81
44 7
57 2
77 161
28 42
61 97
101 85
177 31
179 144
88 71
86 15
174 49
28 130
116 104
50 130
105 141
129 25
42 78
199 103
176 17
92 190
69 114
46 16
15 107
183 126
154 61
16 37
195 31
0 185
21 172
139 116
139 1
95 199
92 52
107 9
58 78
111 171
20 140
165 173
55 6
27 176
146 42
159 168
73 195
185 79
49 161
80 78
187 78
61 119
72 192
72 130
60 40
82 24
24 50
87 165
79 130
195 77
3 131
42 114
12 67
135 30
21 113
179 120
127 167
168 63
91 51
117 10
7 118
88 90
83 89
187 137
118 157
114 117
63 191
160 65
76 62
38 51
163 194
9 38
124 15
185 71
28 164
84 85
70 56
142 104
77 119
132 120
151 27
146 182
115 153
131 82
54 190
160 70
119 152
96 183
191 134
29 159
54 116
190 34
96 9
63 185
56 32
147 171
76 137
36 157
191 102
141 158
97 108
3 85
61 71
15 42
118 28
2 77
185 167
121 133
109 58
115 17
171 96
68 73
141 177
26 152
43 155
161 22
51 135
94 93
1 183
48 163
146 69
42 66
169 30
118 15
52 85
101 163
194 174
162 186
85 32
199 7
74 100
46 4
134 118
72 149
180 51
170 51
173 46
159 117
41 195
88 12
13 166
67 4
3 109
159 16
114 8
15 177
195 136
65 182
133 187
36 166
147 167
1 146
3 167
160 115
63 128
21 29
142 80
90 111
74 189
193 180
150 8
186 132
39 142
171 85
183 113
65 134
34 6
0 180
55 186
191 35
44 31
74 183
161 171
64 133
63 22
152 156
55 103
28 0
141 197
53 85
89 58
29 56
114 4
49 191
81 179
176 104
170 106
27 3
1 47
43 98
128 48
57 52
77 154
114 176
30 117
72 87
144 60
174 140
155 177
111 34
117 170
102 41
93 118
83 178
168 62
125 24
141 1
100 176
157 116
110 53
186 163
193 173
21 126
76 29
10 53
93 176
111 102
10 87
89 121
163 146
59 96
102 193
52 164
71 17
55 137
70 14
109 104
67 142
44 143
102 28
81 154
32 16
91 187
109 32
96 192
45 112
99 105
112 7
48 145
93 137
64 185
185 104
126 100
142 171
52 17
170 53
106 25
61 173
127 136
109 14
143 104
124 0
129 188
70 135
194 61
69 149
118 46
37 154
49 28
50 25
68 153
97 5
52 155
71 103
33 21
24 51
117 192
102 20
162 154
148 59
127 49
60 52
47 164
163 102
80 174
177 189
175 169
59 82
41 84
166 81
89 67
170 50
116 132
9 79
181 15
73 190
189 119
84 21
150 124
45 128
47 5
146 114
123 65
117 93
37 63
165 22
144 105
10 156
5 66
147 26
66 152
143 160
15 93
136 174
54 85
77 160
155 28
112 7
168 115
41 163
186 24
122 51
132 52
20 127
34 130
75 163
52 128
124 193
49 125
45 191
85 144
29 89
1 112
134 49
192 195
30 62
183 172
57 15
92 91
92 92
172 196
57 101
181 67
181 132
179 59
53 28
82 37
178 140
80 104
101 13
67 152
86 34
28 133
90 123
149 37
179 43
10 10
97 170
60 172
35 91
41 94
154 123
84 147
145 70
101 105
138 99
5 198
63 10
119 59
76 93
115 43
78 177
70 28
152 93
107 81
28 95
103 152
87 100
31 59
157 168
53 194
37 16
147 194
86 179
58 2
58 130
119 40
70 77
4 14
94 47
21 136
121 106
82 94
189 183
25 189
120 180
40 111
98 43
60 196
110 137
175 140
15 38
30 58
155 136
143 198
6 57
115 155
24 116
119 167
88 53
26 198
23 196
84 69
183 196
41 66
114 145
11 44
109 157
111 78
130 127
94 168
3 76
117 23
14 82
198 44
58 186
199 180
113 166
20 34
135 31
138 166
144 158
19 22
169 42
130 106
194 77
52 84
116 108
71 197
104 185
77 143
184 78
187 195
58 28
16 161
56 103
192 49
79 131
61 73
44 53
67 25
157 188
169 152
39 105
136 78
176 121
100 110
64 141
48 39
71 71
132 77
67 156
156 191
35 137
40 157
126 43
179 6
70 102
179 19
120 119
56 64
1 104
187 144
182 145
57 9
68 39
111 125
27 1
20 114
184 148
193 180
122 101
108 30
66 143
171 115
102 103
104 77
101 20
76 44
7 72
105 51
61 197
47 84
153 62
40 121
62 62
179 54
18 60
40 27
110 162
183 180
50 21
86 179
198 175
84 190
31 14
98 180
125 46
95 173
50 38
158 75
20 181
167 125
111 13
114 36
122 176
139 74
29 32
90 129
16 80
175 147
73 118
82 27
197 87
90 174
156 156
14 153
83 113
164 137
159 118
158 122
94 139
79 151
129 30
116 79
123 175
170 7
37 76
162 161
115 114
164 106
79 180
151 60
198 79
166 128
158 105
146 77
68 149
163 171
182 67
5 148
62 157
93 144
10 30
199 46
48 192
121 157
182 43
76 170
43 180
38 5
114 45
96 68
50 63
120 180
151 123
65 58
174 44
169 70
69 175
31 37
118 185
98 182
22 120
188 155
87 13
23 111
108 195
150 108
5 81
143 136
165 161
106 66
151 155
137 76
180 100
119 169
113 37
190 4
181 6
94 65
1 8
21 164
15 1
151 13
40 18
49 44
95 126
43 38
189 106
100 152
124 111
171 187
116 144
182 77
161 23
186 51
121 49
26 186
143 0
157 4
7 61
195 129
1 142
83 35
12 0
46 140
72 39
52 24
88 155
27 19
143 1
71 132
4 186
94 76
31 0
175 71
153 119
97 34
7 130
51 94
139 152
50 93
64 44
70 35
71 130
112 156
63 140
134 153
87 185
140 66
80 135
177 113
41 96
83 88
5 87
145 133
27 9
182 60
15 136
74 4
109 106
52 31
132 160
174 20
137 119
66 85
77 176
73 128
16 36
185 129
40 44
158 173
113 12
162 2
12 134
59 109
61 193
144 3
11 107
178 58
113 89
149 20
44 177
110 11
50 63
119 43
52 90
137 4
34 199
192 75
114 111
33 89
197 149
90 161
69 112
36 119
45 152
103 59
113 152
30 71
8 45
63 176
191 122
32 124
10 153
80 188
167 194
155 185
74 86
157 5
26 68
110 100
130 154
19 144
91 100
102 40
196 199
197 162
81 18
95 81
103 80
75 187
170 195
179 44
152 160
165 130
169 103
13 79
63 193
155 55
32 70
137 16
37 71
126 137
188 8
75 57
43 197
74 164
11 105
89 129
7 35
146 27
106 184
187 68
33 94
156 10
185 83
125 103
31 51
170 32
13 123
104 61
30 144
26 189
43 110
53 24
49 50
35 41
190 132
26 156
60 181
184 155
33 86
59 146
69 9
137 199
112 79
6 74
5 174
13 103
39 82
41 143
153 175
0 113
198 82
120 45
23 139
155 71
128 40
192 43
19 96
81 2
27 41
162 100
25 4
92 82
113 33
31 138
45 58
5 157
151 159
34 121
83 178
74 74
51 17
48 69
88 81
44 18
136 138
43 187
186 123
76 142
113 103
14 74
23 59
194 25
113 20
199 62
13 120
22 169
5 72
187 101
3 149
99 18
124 80
92 76
167 182
17 117
146 173
92 71
95 98
14 134
186 23
66 154
60 189
50 66
104 122
108 98
101 93
30 70
100 127
124 177
94 197
64 78
94 195
85 88
61 81
181 13
176 128
119 8
98 187
112 188
118 142
138 100
96 196
22 126
107 15
101 46
51 112
20 0
41 54
131 82
23 90
155 6
180 47
39 66
199 97
54 167
137 140
61 17
134 61
123 121
59 0
46 62
89 171
173 17
37 21
35 97
118 178
111 16
78 142
105 126
82 40
15 59
181 152
97 188
130 129
40 75
76 67
42 70
80 93
44 112
176 73
123 53
0 62
113 4
139 38
169 159
20 126
133 178
58 63
37 55
145 121
23 157
61 160
198 177
7 84
43 116
70 192
141 188
64 80
186 83
178 64
152 149
51 129
66 83
166 29
70 96
10 75
158 141
8 166
170 74
27 39
153 58
24 111
178 171
28 98
197 1
42 143
123 196
20 106
39 64
114 188
123 1
50 4
195 104
188 53
69 60
128 51
64 165
58 142
173 112
158 188
22 51
109 67
125 148
95 134
79 63
186 40
146 184
4 92
63 78
180 27
13 140
5 155
18 169
59 63
161 83
186 133
146 43
127 116
186 110
68 196
95 41
164 106
107 110
96 13
176 8
129 43
39 11
71 182
116 46
190 146
87 69
33 34
136 73
20 148
179 152
44 12
107 160
63 64
34 151
79 25
160 164
57 129
94 142
183 184
175 141
199 14
72 197
68 56
143 72
23 99
134 190
28 148
187 117
192 10
33 97
82 163
22 22
111 97
160 191
122 175
44 102
151 117
43 50
138 123
130 84
80 198
6 62
70 102
195 9
50 112
174 141
97 122
93 169
75 104
83 44
125 24
36 37
97 138
73 141
136 98
39 87
58 113
29 116
27 30
75 58
196 142
129 5
62 10
108 123
83 163
50 90
24 75
79 50
69 24
135 149
165 14
8 118
24 178
166 49
193 190
128 178
133 52
26 183
128 18
68 146
1 165
17 2
130 90
95 165
72 100
185 14
71 44
51 57
67 154
110 153
106 89
110 65
66 145
70 53
115 49
147 181
59 127
79 118
79 1
8 189
108 6
95 1
27 96
198 179
123 120
33 27
181 191
84 115
94 191
37 95
29 46
82 140
46 107
18 74
14 161
83 18
54 188
194 124
32 188
84 48
65 99
76 91
27 197
59 147
119 115
153 104
35 109
67 14
171 70
118 165
54 170
128 38
14 174
132 161
65 154
183 41
124 146
0 20
117 26
92 58
104 89
177 173
138 90
160 178
79 92
182 147
111 133
199 174
32 33
182 3
151 183
88 19
10 75
175 182
69 87
126 132
31 83
166 35
170 28
111 18
51 75
50 47
73 115
68 64
15 147
150 9
96 81
34 59
157 10
88 146
196 173
47 193
132 105
73 7
197 80
179 46
147 183
18 173
47 197
139 82
111 45
47 197
118 22
23 28
149 87
62 109
50 10
33 67
34 28
102 87
181 133
122 171
33 38
23 133
154 8
92 196
129 155
164 16
184 73
71 59
158 156
178 150
84 29
194 92
1 169
39 65
89 106
1 38
69 114
193 174
188 16
96 16
165 81
37 196
65 88
113 18
199 196
136 109
59 143
75 41
69 115
118 59
15 49
124 98
19 106
90 128
100 111
168 159
76 127
132 179
29 106
92 125
103 147
122 130
70 155
56 59
124 176
122 10
164 193
31 31
137 128
153 147
48 89
60 104
147 163
105 42
196 122
79 156
149 152
174 122
70 7
108 140
66 167
53 175
45 194
156 31
13 190
120 89
108 110
8 179
120 139
22 156
144 186
167 147
68 181
119 53
173 100
155 195
155 197
28 197
10 132
107 9
155 56
97 40
20 51
26 72
87 164
126 104
61 32
86 140
188 198
6 137
154 76
103 108
195 181
119 74
153 122
152 23
89 155
85 94
134 141
32 28
189 194
117 66
126 128
149 71
173 1
172 24
140 165
153 190
79 84
130 129
9 190
42 118
71 115
0 58
115 61
51 49
56 44
59 70
149 9
65 102
156 85
55 159
86 56
111 34
70 189
30 97
58 34
110 125
3 32
5 167
142 193
104 145
177 100
137 130
83 136
196 116
10 98
64 188
139 181
122 18
30 26
171 95
19 112
189 151
93 143
140 163
107 199
174 118
131 58
171 2
106 22
115 36
95 13
11 164
124 66
65 122
165 160
100 128
40 72
13 7
137 79
128 90
84 5
88 55
166 135
77 153
51 119
138 198
160 182
101 156
69 162
80 11
31 143
185 166
9 130
140 93
88 59
150 137
161 39
126 21
15 29
94 76
191 154
52 112
123 29
46 104
133 14
191 175
74 46
1 94
188 158
123 184
76 148
119 196
107 19
114 156
10 140
76 54
25 174
42 97
177 99
3 158
192 55
66 117
117 121
112 103
58 166
97 60
121 12
106 179
133 73
142 112
22 114
178 49
73 53
89 161
38 58
96 18
16 21
13 64
81 16
81 50
134 161
165 169
171 21
2 84
75 142
83 93
116 171
63 36
85 157
186 180
130 92
191 75
178 169
181 56
63 155
125 110
25 71
6 74
103 159
158 30
68 168
52 96
131 36
170 107
9 186
135 55
159 180
195 142
66 160
149 40
117 66
174 57
145 72
54 41
95 180
60 64
32 93
76 113
83 27
190 122
156 57
137 125
121 171
50 8
175 35
152 112
75 168
122 106
96 155
74 29
179 86
28 89
85 64
86 192
15 76
198 147
3 134
104 155
118 93
89 62
8 57
4 123
56 47
15 64
41 61
1 113
129 113
91 123
121 137
170 41
146 143
157 16
77 75
199 102
84 90
79 191
88 118
11 68
121 124
149 99
169 134
108 70
46 7
195 195
170 172
185 91
120 99
19 149
191 150
3 154
80 129
61 129
45 14
36 149
6 11
67 116
121 55
121 120
80 108
83 174
54 30
111 5
178 12
80 92
184 6
180 78
2 174
175 7
102 50
33 177
190 92
107 95
119 191
42 19
150 73
124 73
79 183
63 184
21 148
44 66
154 169
95 140
121 81
37 106
106 50
96 2
61 59
121 23
125 48
70 20
10 66
17 38
146 184
151 150
63 182
21 14
143 162
82 142
105 58
84 22
83 16
21 129
162 166
35 47
19 0
51 167
5 185
33 104
78 45
169 102
2 22
108 38
59 0
197 120
50 149
100 180
21 170
197 144
138 1
149 62
165 75
7 14
22 70
98 61
60 24
34 46
162 189
47 110
12 123
186 176
169 70
114 10
109 111
4 76
175 90
142 56
141 86
44 137
15 160
130 56
187 90
122 101
74 154
165 150
162 100
34 10
194 77
141 177
12 130
70 112
136 26
172 9
70 73
22 44
62 182
114 57
92 33
64 61
33 30
65 194
36 55
91 112
152 143
195 116
18 146
103 71
98 68
42 143
193 103
7 84
8 86
175 25
98 103
66 20
6 46
91 63
45 6
183 152
24 99
168 28
101 73
180 149
178 89
151 88
107 158
128 102
123 8
12 68
61 22
123 73
155 72
136 188
36 103
73 90
96 29
5 66
37 21
160 17
12 44
23 69
87 136
8 174
44 115
185 162
111 131
41 72
113 51
127 189
184 17
95 120
44 54
158 180
138 1
189 57
45 49
140 45
121 199
190 44
99 21
109 97
11 172
53 146
91 179
95 172
169 66
82 153
197 113
46 66
110 58
98 51
114 56
53 140
48 87
24 122
151 152
5 1
13 64
162 93
10 150
101 162
86 29
78 106
180 104
89 155
49 8
53 182
184 81
9 12
93 1
41 62
141 50
16 69
146 43
140 109
67 77
78 92
128 23
144 112
181 140
44 152
83 152
127 102
179 192
56 12
45 195
33 133
120 5
26 113
195 97
140 178
39 140
107 67
136 18
52 149
30 100
193 70
78 130
12 140
58 68
84 41
174 161
185 152
9 3
199 53
10 6
167 74
198 35
146 191
127 191
89 161
29 124
195 140
115 184
96 154
191 112
146 107
51 21
168 128
122 142
185 134
92 162
133 148
58 28
18 187
100 136
118 133
19 8
24 45
8 71
10 178
174 73
97 188
96 145
145 166
177 158
122 5
136 102
188 25
153 155
48 49
63 74
96 45
39 159
30 78
100 56
97 40
95 5
95 178
1 150
139 22
77 82
82 87
72 84
21 45
165 151
28 106
83 3
68 82
165 129
187 26
127 165
187 133
43 30
118 163
90 130
92 2
135 45
131 185
185 73
37 172
75 9
43 126
1 108
30 104
9 120
198 140
13 126
165 125
169 78
36 184
42 166
104 23
149 161
189 109
182 12
199 13
184 196
131 158
148 181
160 14
101 84
34 185
103 55
167 53
1 176
155 60
96 127
60 197
113 39
106 87
130 69
3 137
162 196
100 153
94 172
160 117
187 114
123 48
55 117
128 73
36 152
103 105
166 94
168 11
131 42
65 2
139 93
2 130
20 123
26 54
24 104
150 48
165 148
72 40
187 189
118 81
178 30
183 165
113 98
18 1
78 55
188 195
92 7
199 34
2 126
31 2
64 159
112 95
6 131
63 22
153 6
60 66
72 11
142 127
82 177
50 91
153 167
134 77
31 181
102 34
176 26
151 53
114 59
162 18
54 148
65 16
28 49
127 154
126 106
171 35
153 48
27 18
43 162
90 45
166 11
189 40
173 61
192 83
154 54
55 16
66 24
130 29
13 191
140 18
23 88
14 101
84 164
34 61
194 74
184 169
130 68
148 139
148 22
155 94
114 106
52 107
116 158
100 84
93 187
191 128
182 48
158 47
156 185
161 43
149 105
63 55
76 109
70 109
116 148
25 97
123 41
191 21
43 58
158 77
2 54
60 88
139 85
158 136
140 163
177 158
61 136
54 53
180 139
182 172
120 132
24 145
74 18
190 92
5 65
108 179
114 165
112 169
132 29
139 69
174 181
97 123
79 64
141 102
185 167
97 139
199 175
32 113
97 149
29 197
50 16
104 167
164 192
175 121
2 67
137 192
8 124
97 118
46 18
46 62
146 155
65 128
181 102
154 157
99 106
36 54
40 33
162 180
35 192
7 22
140 22
181 190
197 126
100 70
45 17
26 173
190 123
181 106
61 38
128 158
64 143
122 31
52 40
131 6
76 52
104 108
35 53
193 187
81 20
74 108
45 75
60 31
158 67
50 62
42 56
17 1
173 108
185 163
103 23
178 36
113 72
174 95
175 131
10 36
4 176
179 54
101 44
56 108
165 174
70 118
65 133
190 184
190 136
173 195
196 38
0 147
24 152
56 85
135 156
110 45
26 87
14 21
197 64
154 130
182 129
195 11
48 109
168 194
12 187
173 21
20 188
38 170
178 0
34 112
44 138
17 120
136 88
27 22
39 199
135 18
53 72
183 114
29 76
89 182
196 187
122 104
22 150
162 98
134 147
171 193
18 154
163 14
179 146
136 149
4 155
19 79
40 14
29 48
134 168
194 98
112 174
55 117
187 70
157 150
15 58
171 66
69 60
14 4
42 6
36 75
109 190
112 119
118 26
162 118
107 41
67 130
198 63
44 14
150 108
82 27
187 191
6 68
117 57
7 139
139 103
77 51
113 92
133 115
103 196
136 99
14 15
153 56
151 178
143 18
114 173
179 46
100 99
74 103
100 121
54 110
169 155
35 29
134 130
55 86
27 175
167 162
67 193
150 190
86 165
65 5
10 30
191 4
95 34
90 173
119 18
189 87
109 173
15 74
95 131
37 182
149 71
130 167
53 117
189 90
109 127
103 23
34 18
62 45
58 112
49 38
197 100
68 50
182 32
102 53
97 107
46 94
175 13
33 169
144 183
41 99
25 89
80 120
137 150
135 197
127 158
35 35
129 56
169 48
156 79
109 50
125 196
17 24
100 124
185 136
189 193
41 166
101 93
168 63
30 118
183 107
54 65
24 108
26 183
171 129
160 186
175 163
190 102
1 108
193 178
15 0
122 54
14 73
85 40
169 34
174 65
143 116
159 106
2 135
135 197
1 36
168 60
92 33
38 183
186 197
85 32
31 169
6 130
191 171
37 63
83 58
75 75
133 164
108 124
36 174
159 139
111 105
59 19
104 111
124 115
81 135
142 81
147 50
39 77
120 133
198 81
16 184
169 74
157 80
65 194
185 179
4 112
103 179
191 78
120 162
123 65
185 27
141 87
181 132
199 22
18 21
58 96
128 7
20 52
134 160
70 90
5 3
147 100
194 25
37 68
9 95
163 158
144 73
49 114
165 187
99 76
133 7
178 99
54 177
124 9
31 120
196 138
38 79
179 73
156 61
126 97
66 191
1 62
42 16
29 1
71 164
20 70
111 29
11 52
156 182
9 153
23 170
109 110
102 72
105 22
68 85
94 85
51 9
144 190
94 131
176 56
162 67
15 45
57 33
12 25
161 154
147 166
119 156
163 108
79 47
64 54
170 55
55 169
103 38
127 195
49 63
85 195
36 169
107 10
62 39
157 49
69 112
187 87
41 134
199 131
92 42
128 106
89 82
186 55
0 18
177 172
107 1
57 18
190 135
33 149
193 193
25 125
136 107
195 147
197 93
72 186
31 131
56 194
186 63
178 51
102 156
40 15
119 122
94 51
31 169
69 121
171 91
191 51
183 70
36 59
87 84
36 132
122 35
2 160
194 131
86 167
159 159
36 90
156 184
86 56
167 25
82 154
116 37
36 19
9 64
117 157
148 7
161 181
175 33
43 7
88 15
95 7
58 95
50 112
103 172
119 55
17 12
184 199
49 39
88 20
92 106
126 27
163 184
9 182
172 133
192 156
72 139
130 151
4 164
69 103
88 49
79 82
134 151
191 93
134 133
55 101
58 191
17 68
93 77
67 22
87 79
20 110
113 72
78 185
14 72
187 41
29 190
63 50
131 82
186 136
55 111
104 79
151 180
16 113
21 180
118 23
44 139
51 51
151 6
25 68
18 58
129 103
71 152
196 34
110 137
172 4
106 123
40 28
175 30
161 133
102 42
10 21
23 172
148 125
7 132
32 100
190 184
114 53
117 104
178 136
114 32
72 18
27 3
147 96
77 26
10 59
30 98
197 100
117 103
141 52
36 12
198 89
64 2
37 104
156 115
111 33
79 63
31 168
185 81
79 104
21 182
167 62
48 19
49 108
102 150
181 122
52 103
191 164
135 25
40 10
123 11
127 121
86 75
47 18
123 135
197 26
62 99
197 40
166 146
89 169
190 127
136 67
110 61
39 28
66 26
137 37
82 87
56 191
24 165
162 114
15 16
176 40
146 105
6 48
5 96
115 51
25 87
184 154
32 120
157 99
136 116
16 28
195 46
11 61
108 14
114 113
20 133
130 17
73 53
46 107
180 44
102 35
188 7
81 4
123 196
85 22
145 103
50 29
1 133
190 60
183 93
5 103
20 100
170 120
22 99
185 76
103 118
137 23
65 148
46 93
16 141
196 179
119 143
119 175
186 37
124 160
187 152
50 159
44 129
101 80
139 56
119 183
18 13
116 89
152 38
56 199
152 70
115 23
196 187
152 40
28 109
132 85
88 62
48 117
99 96
28 153
26 198
72 174
48 109
103 41
7 174
15 84
191 93
77 178
10 187
181 135
164 95
150 139
15 14
115 121
122 103
89 34
30 20
141 123
187 199
38 132
65 97
39 39
120 73
2 97
28 79
104 94
87 49
78 171
146 48
17 52
163 101
8 175
132 32
10 165
32 131
19 112
165 48
124 110
44 198
54 198
20 78
50 113
60 78
117 63
130 98
127 197
191 82
56 39
104 20
9 63
87 117
197 30
122 84
4 103
184 20
91 27
60 130
109 81
73 134
153 34
96 37
172 89
18 115
53 67
82 60
113 87
165 41
82 190
167 9
22 87
146 37
196 15
9 91
159 5
145 136
136 78
164 142
51 61
4 9
162 38
123 75
1 77
150 27
114 128
158 158
178 177
182 32
134 175
36 69
11 51
31 1
154 5
42 19
180 127
65 93
152 93
106 49
61 78
163 101
135 158
57 127
25 63
78 127
86 66
60 12
130 23
133 153
83 82
60 1
123 126
172 80
105 35
170 81
191 4
196 5
187 123
129 197
44 76
23 27
192 162
156 97
91 22
163 171
7 140
84 132
189 157
58 96
99 180
179 15
164 45
134 81
162 187
103 23
175 37
89 99
117 151
16 121
67 104
194 143
168 137
147 28
60 192
33 75
68 197
29 57
130 76
153 156
82 108
151 148
87 117
67 30
185 190
39 131
177 67
91 61
101 196
171 129
87 59
73 32
123 163
195 17
45 62
102 22
122 197
152 19
51 147
172 105
139 113
89 90
161 116
88 97
47 196
91 84
3 33
105 78
23 197
176 55
163 41
187 5
46 21
191 11
152 94
48 52
11 195
177 127
58 117
92 157
141 22
118 154
28 144
162 87
138 115
26 36
187 76
106 14
177 4
61 27
190 52
31 110
14 108
114 23
60 31
15 156
186 187
122 20
86 108
74 20
123 164
41 106
24 46
9 136
181 6
83 16
198 27
94 56
157 182
172 81
194 153
186 182
121 91
127 31
122 132
186 170
168 196
135 174
100 91
151 72
172 196
74 128
10 0
146 54
4 55
177 51
50 87
38 42
157 188
46 125
96 53
147 158
90 65
11 33
81 101
143 153
70 74
131 132
82 146
134 48
33 91
141 154
183 101
180 122
4 183
142 187
85 23
157 162
16 19
33 84
52 115
99 62
140 146
188 41
193 74
121 70
168 163
6 191
139 80
13 168
65 139
169 19
151 179
96 122
176 13
147 149
198 189
135 72
19 153
104 2
72 36
1 103
117 132
177 28
143 163
83 63
135 22
112 136
143 25
188 173
118 17
136 28
64 12
64 51
125 18
100 159
104 42
28 185
167 38
57 56
161 22
126 176
18 94
90 11
29 167
51 1
97 89
42 18
139 102
82 22
15 18
131 153
166 12
121 111
82 175
6 63
172 140
102 121
45 84
74 44
184 23
94 155
62 149
199 197
135 153
44 68
77 151
171 179
80 195
75 33
12 162
95 149
27 127
172 1
27 50
2 195
89 149
69 190
180 164
180 81
162 41
28 49
140 145
139 15
26 115
157 141
128 122
183 64
185 64
9 41
108 110
111 26
16 58
19 161
126 85
180 44
33 20
83 96
57 113
104 24
92 90
78 128
100 145
22 55
180 77
135 138
49 75
46 185
34 155
137 129
25 29
181 13
101 29
101 29
165 45
86 79
90 158
123 51
37 126
95 29
55 78
44 111
42 154
121 139
152 177
188 63
135 29
139 163
40 7
47 180
5 96
140 199
157 87
110 48
109 132
118 10
83 185
177 190
172 102
25 48
67 13
174 19
121 136
82 18
91 62
49 74
85 117
152 99
96 47
166 24
91 51
123 28
79 41
77 123
24 11
75 15
141 140
50 190
160 98
15 39
2 55
194 120
73 23
186 182
67 183
132 93
124 118
85 109
64 68
161 126
95 103
162 25
88 193
146 102
33 149
1 11
28 194
107 61
126 41
64 57
174 197
114 194
44 32
32 85
197 192
160 22
132 23
164 81
3 185
131 103
4 196
87 92
121 89
42 81
176 124
113 113
76 187
0 2
6 7
4 112
7 156
42 183
2 173
17 85
62 150
68 146
129 25
159 199
86 41
34 74
52 188
81 137
145 13
1 196
90 166
99 2
15 121
128 69
105 53
22 26
6 26
102 196
138 188
177 144
111 159
135 83
178 189
129 31
62 172
106 42
115 54
131 41
10 66
94 120
176 68
60 74
50 127
39 116
61 50
88 141
163 10
144 184
32 175
64 135
61 119
115 72
124 32
172 169
105 17
161 155
55 147
38 183
158 177
117 169
169 167
172 54
49 193
164 170
157 198
22 146
95 0
75 166
118 177
25 59
151 190
8 152
108 173
80 153
30 71
79 96
189 14
108 10
41 113
6 126
8 25
43 199
128 78
98 197
158 185
158 196
38 94
103 23
198 116
36 79
76 41
14 126
187 141
56 109
85 153
27 1
85 37
22 34
61 147
75 72
10 129
51 175
195 118
196 143
86 51
50 69
156 11
126 3
118 160
148 73
9 87
185 168
131 15
91 91
12 159
100 46
175 33
81 76
170 75
191 114
158 67
39 46
81 83
107 120
117 56
118 0
152 182
117 183
4 31
79 96
195 50
5 38
172 179
155 85
137 71
106 126
152 148
5 32
97 68
182 60
102 68
56 95
111 80
90 157
160 132
182 171
194 88
178 61
168 88
35 70
44 148
166 178
66 49
135 174
62 9
127 190
108 129
105 143
116 163
184 9
78 126
45 146
103 108
15 99
166 119
21 57
115 147
63 7
160 48
132 16
169 83
4 91
77 17
79 63
197 189
181 13
7 14
138 152
139 127
125 112
66 178
55 76
35 178
59 140
21 103
36 101
145 166
54 112
19 6
102 124
125 34
64 71
25 77
42 77
184 92
191 147
81 165
41 197
25 22
84 107
107 13
68 32
33 4
50 107
1 124
149 160
153 21
55 139
168 172
86 189
95 44
94 89
92 21
39 38
4 22
107 71
173 46
75 81
45 59
193 86
8 135
49 117
118 67
96 21
31 125
120 58
34 191
47 199
119 69
176 174
122 15
142 95
60 27
4 25
158 107
108 169
13 19
159 176
194 161
134 123
195 18
120 55
53 79
142 121
132 94
115 189
80 58
137 94
118 72
188 100
153 107
104 111
173 137
97 101
109 166
92 48
146 102
195 112
159 21
53 34
134 81
3 176
22 49
182 106
151 55
146 191
40 127
177 123
156 180
190 180
172 164
131 27
192 91
12 174
147 49
10 117
131 182
184 199
142 74
18 42
198 16
183 54
28 196
44 24
5 33
175 74
5 104
191 136
22 135
123 127
162 72
119 68
197 28
58 111
2 61
54 193
88 194
50 141
162 126
4 79
51 106
134 53
72 2
188 146
49 139
159 47
11 45
56 67
68 184
20 54
187 110
180 147
37 56
65 120
92 125
37 17
129 123
91 85
60 185
90 193
56 15
93 132
193 68
145 22
156 181
100 166
84 155
150 98
81 193
24 89
142 141
19 189
31 161
29 74
156 186
47 127
120 196
89 120
150 60
110 138
183 89
119 4
149 15
79 63
58 167
130 102
73 8
130 191
122 123
76 85
159 106
132 110
5 93
94 4
88 29
153 136
175 112
188 32
179 122
163 67
81 132
75 42
32 12
173 140
158 123
135 8
27 69
110 90
49 27
156 110
124 147
146 138
107 176
119 125
107 102
48 141
19 116
155 174
10 32
176 46
31 2
80 55
44 111
198 75
166 193
140 49
135 190
99 47
180 21
167 17
42 85
48 19
5 92
163 129
126 187
157 3
76 125
142 100
157 33
39 178
135 44
184 161
187 173
126 30
139 180
131 11
25 170
10 132
38 96
157 11
86 26
175 104
121 90
6 63
35 78
69 65
149 163
146 132
92 182
73 79
188 132
46 16
183 8
28 31
191 155
24 107
134 46
84 60
195 6
54 99
113 80
81 88
2 96
73 29
77 198
17 46
157 141
128 155
0 60
1 191
108 111
32 179
1 157
55 127
95 27
111 158
124 96
144 94
90 90
125 33
144 166
163 26
71 92
183 69
194 53
168 12
157 50
67 132
189 107
193 146
154 160
119 136
192 33
143 86
90 146
85 11
35 185
95 72
26 66
192 156
7 0
189 59
66 101
199 149
198 16
136 25
191 91
186 88
167 132
197 18
105 193
158 47
119 20
3 146
81 34
6 132
198 157
92 174
57 177
73 23
194 26
184 8
193 107
13 12
154 137
107 157
177 20
156 23
14 152
178 23
14 175
67 165
174 41
188 70
21 184
154 106
123 178
104 109
140 71
94 124
133 84
140 49
131 127
199 46
118 1
56 85
102 43
107 29
116 59
176 111
24 119
85 4
56 56
136 76
182 24
193 159
108 157
35 109
143 81
66 150
71 20
79 96
159 41
179 161
116 136
43 146
195 88
24 192
190 35
167 89
66 186
53 5
16 171
45 145
198 65
174 177
120 163
195 155
79 199
143 2
64 88
123 109
198 117
65 71
97 128
92 11
198 35
11 125
59 24
62 119
97 115
57 152
160 68
66 22
80 104
156 114
166 197
26 85
105 74
82 7
112 174
38 57
188 152
146 0
189 106
92 6
191 46
172 99
35 15
71 16
147 122
58 7
143 172
155 180
169 114
77 100
128 162
41 150
91 88
144 58
101 75
141 166
62 51
174 116
10 75
39 150
78 111
94 51
124 74
21 48
114 192
111 93
29 172
108 71
25 75
180 181
47 107
160 136
97 103
178 72
0 161
111 18
16 7
48 43
169 71
196 8
55 40
86 85
133 13
5 75
72 16
73 22
4 175
174 102
40 31
7 33
106 34
116 98
185 90
134 192
199 190
17 57
78 115
68 154
48 2
36 135
58 174
198 18
155 97
83 165
115 153
109 107
27 163
89 49
100 127
105 137
56 65
67 124
96 113
133 87
14 13
8 21
175 22
85 198
166 178
51 117
174 105
185 83
119 126
43 4
91 96
199 147
55 72
26 116
94 188
29 81
180 197
29 64
181 117
89 142
105 8
98 35
131 199
15 72
86 185
25 165
32 143
164 95
194 67
30 71
126 54
96 52
185 197
123 149
167 182
51 180
95 95
110 84
189 94
78 113
198 156
6 179
25 76
142 143
78 61
37 127
88 179
193 145
60 101
107 149
33 106
5 146
170 97
84 130
184 165
90 125
46 166
110 70
95 60
18 33
124 22
82 6
172 36
137 171
180 91
116 189
136 159
148 23
60 185
160 35
21 114
68 50
188 153
107 10
149 186
45 163
117 124
139 32
51 95
106 163
185 98
93 164
165 157
184 13
25 73
72 74
59 5
188 121
64 15
85 185
109 159
100 133
148 149
23 155
123 195
190 81
112 96
190 101
24 9
13 61
90 157
111 134
118 159
13 114
21 89
56 3
6 24
67 130
44 59
117 64
86 111
40 2
77 63
7 195
139 178
58 54
78 18
139 197
87 103
136 30
173 17
71 62
144 70
105 61
84 140
47 21
12 154
41 130
29 76
32 159
133 113
51 127
69 186
11 158
174 14
69 91
183 96
115 60
92 189
193 131
127 112
7 51
172 4
154 113
174 135
177 88
71 159
112 108
128 12
164 95
58 159
196 72
175 39
75 95
106 75
147 22
84 36
48 163
84 75
11 47
12 143
147 156
180 3
6 126
171 39
76 94
14 117
178 74
20 149
165 29
161 54
162 98
152 116
147 167
181 193
31 21
74 4
170 129
91 65
117 101
168 63
13 84
185 22
106 114
30 1
194 32
66 110
125 84
131 76
97 49
185 140
177 72
8 13
150 9
114 168
125 184
63 153
98 141
87 181
108 131
58 98
189 3
22 9
29 121
150 119
87 3
194 56
174 165
42 17
108 64
188 166
105 173
189 184
59 73
106 45
36 134
33 61
40 23
10 65
63 169
191 98
149 58
94 161
182 158
39 68
49 13
93 159
43 183
97 53
49 158
143 174
120 189
71 68
37 165
117 110
7 0
130 77
24 11
46 16
113 195
155 155
179 22
34 137
77 156
167 61
111 67
159 60
59 132
194 21
55 143
67 149
50 106
192 171
195 161
154 163
126 103
46 51
180 194
192 102
134 110
151 136
53 171
32 27
114 110
101 161
126 105
12 35
47 99
122 59
56 104
124 76
194 80
122 105
118 67
12 47
171 165
128 130
69 173
4 191
148 100
48 185
172 95
63 152
180 66
174 53
191 102
133 104
104 80
189 57
123 160
170 61
134 129
143 135
129 72
171 122
164 41
177 144
88 55
2 47
56 66
29 150
57 16
5 70
15 51
79 46
24 89
12 13
62 198
181 14
142 85
183 9
155 107
90 27
81 128
38 52
107 166
161 143
88 16
159 138
162 41
15 107
31 20
175 186
78 87
102 178
110 103
167 47
98 25
113 196
68 58
199 171
139 92
9 169
47 199
38 103
99 14
173 103
115 129
20 157
49 145
119 199
164 82
154 142
43 9
51 164
66 140
182 141
81 162
167 183
185 22
159 109
58 17
188 104
94 173
55 53
126 20
66 70
135 73
151 171
143 112
66 47
8 28
191 159
188 36
170 126
182 4
129 16
151 190
76 170
64 86
161 12
149 166
121 151
125 149
187 47
134 160
54 94
185 108
156 110
35 138
157 45
120 10
23 124
78 176
57 18
156 40
25 184
141 80
134 86
134 16
83 86
152 35
51 179
24 20
155 16
2 87
147 132
56 37
135 64
31 18
80 114
54 86
82 199
141 9
142 17
51 45
128 127
154 170
27 73
125 24
20 90
126 44
32 124
28 58
63 13
82 150
153 152
67 194
5 2
151 107
192 193
35 125
18 132
7 191
15 167
101 88
182 156
5 114
166 15
64 89
53 29
25 153
60 66
9 43
13 170
39 85
177 70
28 181
5 165
73 34
47 40
41 155
143 88
72 18
20 132
43 157
27 140
138 128
182 111
35 71
11 174
168 29
54 116
81 156
5 198
174 81
26 34
138 106
157 46
105 94
59 193
31 15
39 94
88 176
26 59
5 68
59 22
144 166
6 26
51 56
27 143
23 67
187 164
49 194
132 67
170 144
13 173
62 37
7 172
183 124
44 40
179 93
18 113
142 20
191 126
116 149
98 105
134 147
61 172
63 21
181 186
4 136
127 176
101 130
164 173
140 7
55 154
90 130
22 13
49 110
47 48
26 53
148 143
177 162
95 86
172 103
26 122
181 136
104 190
70 28
45 49
54 64
95 183
93 140
175 72
161 160
12 162
61 138
123 138
97 47
71 14
179 22
72 4
163 32
92 104
10 131
17 131
108 62
7 102
164 118
134 149
87 0
42 42
117 67
63 82
186 73
140 165
35 74
140 115
143 75
163 97
186 146
98 159
79 131
142 8
184 36
143 111
175 70
61 43
37 173
74 10
38 158
56 13
88 99
184 147
51 17
101 175
145 96
193 49
101 85
64 189
99 58
69 134
81 92
63 155
19 39
174 103
14 120
68 106
6 88
98 123
60 132
48 186
68 85
196 199
17 62
77 44
34 131
169 24
133 181
138 135
160 176
111 18
70 196
198 17
163 90
98 119
58 56
57 77
57 110
1 150
23 173
173 45
190 99
182 95
66 137
75 137
140 96
101 107
101 72
166 67
116 165
32 124
119 4
64 186
56 77
11 28
152 127
82 100
106 149
193 96
182 106
173 23
57 175
141 101
139 71
102 111
47 67
168 57
149 91
168 50
41 7
173 20
162 172
19 189
79 197
32 85
70 76
133 192
163 193
151 51
18 197
112 0
86 138
129 157
188 62
42 146
94 153
107 68
194 38
171 108
47 49
41 197
167 73
137 191
133 146
53 33
20 50
44 154
11 129
10 15
104 49
185 155
89 20
46 85
61 74
76 145
155 28
80 97
73 199
150 135
97 149
196 155
189 74
62 33
108 89
189 148
82 186
28 44
29 161
88 113
28 51
149 59
67 128
15 10
82 38
42 57
136 84
162 171
155 69
30 86
36 69
18 54
65 72
114 183
199 146
68 20
175 92
88 98
101 131
193 175
25 7
185 16
154 21
28 175
42 138
72 103
18 63
154 9
159 80
73 180
122 66
117 150
198 165
6 184
136 78
57 174
53 199
50 153
157 17
1 113
161 119
19 11
39 122
157 122
141 102
89 26
12 104
110 192
130 23
2 127
99 101
179 133
115 75
154 174
109 152
5 138
5 194
76 84
49 36
64 122
4 146
126 80
133 59
103 116
169 191
1 165
79 49
89 35
91 175
130 50
42 169
154 74
74 102
51 94
8 160
0 181
71 61
43 190
183 82
137 181
94 174
69 42
27 124
99 146
175 70
64 40
148 122
9 106
46 16
24 169
17 121
115 194
99 149
127 125
132 90
198 107
91 88
96 83
115 135
119 151
74 88
102 24
27 177
198 21
145 89
138 0
181 199
12 110
130 35
23 32
121 56
25 47
143 18
165 173
60 150
176 106
97 40
146 159
152 174
76 131
126 79
93 9
155 104
32 127
54 1
195 94
186 125
67 168
0 149
102 74
193 26
7 33
21 125
41 142
132 176
96 79
152 113
66 173
1 156
187 56
152 30
148 140
41 59
25 4
198 15
168 192
164 32
82 140
199 113
134 41
51 6
26 135
77 68
79 110
165 116
189 145
140 84
15 98
113 123
159 194
77 172
168 85
159 135
173 185
139 105
169 194
59 145
168 108
193 178
53 117
16 113
69 51
130 198
117 4
145 26
55 147
61 73
102 65
193 9
75 19
15 92
116 14
51 116
63 57
152 38
25 108
97 185
164 49
29 194
156 87
195 188
38 135
80 68
3 68
109 27
35 193
12 24
49 111
196 15
86 9
92 12
135 42
43 101
76 128
71 7
173 130
83 73
67 87
16 29
99 158
123 185
60 71
142 198
1 28
85 102
7 88
182 26
151 74
59 182
104 140
67 113
156 67
70 91
149 187
17 183
31 62
94 5
20 167
81 74
151 9
25 47
141 79
191 58
188 12
22 70
179 7
139 61
191 30
64 110
130 136
14 26
38 141
44 102
139 32
54 80
77 68
94 143
154 59
37 85
167 97
185 6
91 184
145 125
179 107
44 186
75 62
176 150
102 88
113 135
30 136
17 185
144 56
151 182
116 199
115 137
107 66
19 25
32 177
67 78
150 155
166 16
154 111
136 98
134 90
5 68
22 72
144 37
76 134
14 117
0 123
113 19
26 158
94 166
54 58
167 178
131 127
169 7
162 121
80 187
35 110
145 177
119 150
76 18
104 4
177 127
82 149
169 123
21 20
75 139
113 64
42 137
130 2
196 108
161 9
57 102
28 22
179 129
29 123
20 167
1 126
81 197
75 58
16 134
102 51
109 174
79 22
153 102
5 44
54 98
160 141
48 55
137 85
8 59
180 56
5 107
40 118
174 174
192 166
47 5
58 185
130 184
194 177
181 176
117 68
29 164
33 35
10 10
160 12
31 147
24 37
176 88
125 100
156 125
135 184
155 147
56 146
112 110
186 54
151 55
186 25
103 50
54 157
8 36
124 16
48 21
15 127
150 198
55 150
99 84
56 22
145 162
87 58
80 171
110 98
148 162
177 165
20 173
46 175
147 108
92 74
92 16
21 164
14 9
8 164
131 134
36 154
10 7
79 162
182 85
173 125
73 38
80 171
106 170
58 65
119 167
60 155
98 31
1 18
16 130
97 182
162 111
102 142
92 16
190 185
67 120
6 180
134 150
97 142
45 12
105 52
142 39
20 122
119 56
178 47
147 85
32 198
4 116
139 78
177 181
152 32
187 86
90 153
44 142
21 102
104 59
130 67
42 68
148 191
180 162
57 73
50 0
35 46
149 10
143 140
20 78
41 108
9 109
178 170
163 2
150 191
31 21
61 190
97 128
102 195
77 189
3 30
168 22
10 86
1 188
140 91
14 33
173 194
172 16
52 39
115 48
37 172
137 65
180 4
140 4
163 7
37 143
189 24
47 194
89 42
137 144
134 43
101 111
121 7
95 132
172 56
4 93
87 132
123 92
146 47
64 57
192 14
130 1
18 33
14 79
31 61
148 40
10 8
122 126
113 154
142 85
171 49
94 40
37 0
114 157
187 101
148 192
78 91
128 133
155 102
125 153
134 36
121 180
29 123
104 140
17 11
177 103
73 106
48 105
69 116
2 106
169 193
44 110
61 29
83 31
168 118
154 171
147 91
5 120
138 81
187 27
145 164
145 67
3 126
136 64
47 190
126 155
94 13
3 74
6 145
158 176
152 61
120 89
48 145
67 181
17 84
103 113
151 55
136 130
122 173
133 11
188 139
178 14
99 117
85 30
177 120
154 198
25 103
158 122
141 138
56 190
176 123
40 151
14 115
144 56
15 44
150 109
78 161
175 12
174 185
171 106
182 147
149 117
191 73
33 27
184 139
50 192
38 29
64 41
67 65
88 30
115 32
4 28
143 86
80 55
74 125
175 199
162 183
137 121
83 153
172 160
145 183
17 150
122 120
155 80
37 91
73 27
77 33
82 80
61 76
74 181
89 50
139 52
14 100
117 131
151 121
126 194
90 84
129 154
175 125
167 129
36 129
180 120
176 81
58 142
80 185
95 156
187 130
39 19
170 101
132 154
57 130
2 96
42 156
161 138
35 96
102 149
75 158
25 32
66 97
36 88
29 103
105 156
163 2
41 79
4 62
79 135
41 165
86 13
108 43
128 91
10 58
116 84
149 19
122 43
17 196
75 117
102 187
12 171
175 175
142 94
178 148
90 34
35 64
129 81
178 167
171 91
9 148
100 178
59 65
127 46
71 164
54 14
27 179
70 89
42 178
137 126
135 168
92 140
79 168
149 87
31 83
92 143
143 62
125 189
33 24
136 166
80 154
162 59
198 69
86 180
106 49
40 19
34 165
22 60
191 128
189 165
6 171
157 86
133 10
112 121
107 49
25 131
95 125
159 77
107 67
171 197
127 28
43 148
97 138
101 34
143 97
162 139
9 37
145 128
189 183
16 23
49 29
70 163
105 122
95 94
4 90
172 111
126 182
38 186
176 133
130 10
89 29
160 128
138 187
167 119
161 18
0 197
169 17
111 170
126 44
138 47
113 155
104 57
121 26
70 189
196 71
93 184
194 63
156 170
79 121
60 153
174 109
96 142
41 122
101 8
96 155
52 60
3 193
18 73
55 105
152 155
157 184
20 19
116 15
81 189
46 126
97 53
17 51
134 80
181 120
159 89
133 184
164 115
36 41
64 69
37 110
148 77
30 97
39 10
199 60
146 126
61 117
72 84
136 31
92 2
154 73
108 72
191 1
150 171
114 119
39 90
175 37
130 48
160 79
132 119
1 2
149 1
182 198
68 74
142 52
174 190
66 113
27 52
147 169
91 174
98 198
26 84
50 126
196 25
101 166
173 120
134 171
68 179
11 90
15 45
33 39
88 86
199 106
54 74
124 31
54 143
161 161
126 104
70 100
50 17
42 117
54 135
91 102
102 31
39 196
176 130
17 80
91 157
176 74
104 119
185 115
140 141
168 20
177 39
155 190
100 19
158 122
31 97
150 121
175 15
16 140
153 25
109 96
153 25
138 129
4 65
140 19
82 126
6 136
22 145
46 7
59 59
88 127
61 192
6 71
59 145
98 43
94 197
123 104
101 3
29 111
31 114
130 123
54 32
118 66
114 198
16 174
57 156
159 53
7 17
23 22
146 182
99 172
191 125
171 197
96 29
27 134
140 85
73 140
133 93
67 48
178 39
18 34
100 108
118 139
12 45
191 175
118 7
192 141
185 90
63 183
11 60
127 109
77 136
5 116
50 96
65 47
185 120
164 148
95 131
42 75
35 8
79 105
120 82
48 23
66 178
95 50
9 4
198 69
14 4
150 153
115 119
22 171
12 90
63 164
183 179
167 3
189 178
61 73
14 63
170 36
181 74
129 5
3 77
118 5
195 121
88 165
167 26
153 23
147 44
24 169
135 100
124 141
144 136
124 195
181 110
159 82
197 40
178 10
6 180
138 81
179 172
44 136
133 42
150 120
80 149
62 170
79 70
101 146
58 177
157 11
141 3
165 167
142 166
158 95
195 81
39 184
138 170
25 78
99 32
60 63
165 79
164 176
164 176
179 139
146 124
126 40
8 191
174 104
172 149
24 18
115 5
147 148
89 97
81 85
172 84
72 50
166 184
185 22
188 54
154 199
47 162
98 50
97 164
17 8
11 110
89 49
160 177
102 36
124 12
74 80
148 55
48 109
162 95
159 20
62 187
165 62
5 78
174 129
96 69
146 25
195 46
126 20
181 142
24 115
24 12
164 196
43 77
18 91
196 40
90 152
121 0
69 147
162 127
13 179
83 193
47 51
121 118
92 28
108 9
94 75
10 175
44 168
157 22
92 2
46 89
177 43
142 194
76 81
12 108
85 42
140 90
160 88
137 10
133 55
179 52
177 13
36 68
119 15
146 173
85 45
77 165
21 164
4 198
122 12
193 164
157 142
65 128
142 96
193 38
15 44
189 172
189 49
95 66
169 134
94 15
0 156
64 62
51 134
111 138
22 130
171 87
23 61
135 189
85 23
55 196
197 20
36 47
156 115
173 54
23 128
172 116
20 141
144 75
11 93
106 182
8 56
53 165
194 146
1 127
153 13
182 36
193 69
15 14
143 31
150 26
1 47
4 22
133 87
173 171
164 155
157 148
106 5
56 182
97 11
147 157
163 154
153 199
28 28
22 22
111 91
106 63
73 144
90 64
86 158
50 13
18 182
41 90
38 158
30 179
93 128
39 163
81 113
140 116
12 57
144 73
124 118
51 86
47 165
36 133
176 128
27 133
34 117
150 152
77 94
199 34
170 89
137 144
153 52
106 22
102 181
3 46
78 57
104 20
51 18
154 130
188 64
146 23
162 115
62 140
95 155
91 97
4 91
90 174
166 111
12 64
36 178
157 105
96 178
106 98
183 27
9 62
114 75
62 133
189 25
183 114
33 70
93 16
16 82
179 112
11 152
146 20
144 135
21 143
36 3
118 46
160 173
174 86
141 44
37 180
56 18
59 196
26 174
100 138
8 145
172 120
151 116
177 78
82 13
67 174
65 148
180 90
130 190
84 36
134 73
96 116
179 159
43 148
18 44
168 45
18 101
187 8
40 164
33 175
83 184
60 116
111 36
115 194
82 65
120 148
33 117
20 150
33 149
110 141
141 104
32 92
38 128
109 48
139 40
119 25
194 22
3 189
78 46
168 184
183 17
74 4
141 141
126 108
74 33
192 121
187 26
64 63
139 196
108 2
95 118
71 100
36 169
94 70
45 117
155 146
191 18
16 197
118 138
113 154
139 19
132 106
7 12
34 100
74 128
130 116
153 65
129 9
131 10
147 190
64 159
178 43
12 39
187 91
194 64
50 179
194 94
194 74
112 107
185 137
151 71
87 131
8 169
78 116
132 72
117 187
131 1
177 79
122 70
161 168
6 137
126 28
28 168
88 128
100 144
40 98
132 87
142 81
40 141
154 49
76 28
186 140
153 167
117 145
181 4
37 69
81 147
37 77
66 15
135 197
199 104
1 22
61 141
3 126
131 115
146 47
96 112
4 69
106 22
17 103
49 74
96 81
162 56
120 162
44 108
75 113
50 101
23 178
106 97
59 11
159 7
185 93
171 24
122 93
63 166
157 155
66 115
167 193
123 129
172 90
150 100
175 90
22 129
28 156
108 120
175 92
110 117
199 195
55 49
110 92
86 134
73 151
100 37
45 188
36 35
4 104
144 107
136 9
124 38
161 148
90 99
47 145
149 181
10 55
199 113
62 155
6 92
37 32
184 42
163 78
130 78
17 100
79 15
190 60
52 138
157 83
6 62
67 193
143 158
182 35
25 11
158 120
194 23
147 28
64 85
110 124
56 37
191 187
189 0
193 91
186 129
5 19
42 103
146 74
11 20
26 120
182 21
194 145
133 152
159 47
141 192
185 172
150 187
143 83
5 35
199 0
67 27
195 53
188 32
165 29
23 15
95 149
136 169
125 29
166 17
99 61
113 94
33 174
172 163
40 47
165 42
28 167
34 14
145 154
150 63
64 122
39 53
24 53
18 40
98 132
117 195
25 80
116 132
168 114
39 164
77 53
120 55
59 187
161 132
178 82
87 62
48 121
117 182
188 126
113 122
63 167
19 178
72 78
131 150
74 8
66 126
192 170
120 62
98 147
121 22
14 4
103 37
150 42
89 9
0 178
2 177
29 64
30 31
51 71
30 180
193 108
37 4
70 67
54 170
38 199
57 89
108 38
188 154
80 168
44 122
76 195
105 101
178 137
56 188
80 84
161 82
47 14
184 88
154 9
54 154
59 135
55 68
164 181
23 102
90 27
71 123
153 20
167 126
158 182
24 8
6 21
32 194
72 58
84 129
72 167
0 179
118 155
25 78
8 0
63 148
75 25
71 61
22 163
96 24
16 25
1 166
189 91
58 61
112 197
146 163
46 102
36 33
192 154
192 54
133 88
129 44
127 45
187 43
144 90
168 122
97 141
118 131
10 10
116 169
15 0
146 154
12 142
93 124
114 160
108 95
133 81
66 185
55 6
152 47
106 126
177 52
174 124
38 90
71 149
5 195
180 11
42 76
164 176
27 159
99 188
34 172
57 163
176 117
5 153
45 40
43 15
100 166
194 63
131 84
152 131
21 35
162 4
13 190
153 192
23 81
172 21
161 106
120 26
61 126
142 172
127 120
74 51
134 42
100 156
77 128
14 3
76 9
132 153
159 153
197 30
105 23
54 137
56 40
126 133
72 110
52 189
60 154
83 155
2 83
14 127
120 114
125 45
164 1
90 176
163 159
191 168
110 177
98 19
60 53
133 76
141 91
93 46
85 194
136 114
176 68
96 121
188 115
53 17
72 84
114 35
183 54
178 197
82 125
142 172
187 15
139 21
139 33
184 38
108 107
194 87
126 59
198 172
29 94
167 186
88 61
165 185
102 5
134 172
188 197
67 12
94 198
43 145
146 130
73 160
158 163
65 186
131 87
60 64
102 136
150 106
145 110
162 55
116 163
153 27
42 97
152 6
178 159
32 110
99 162
173 174
64 69
66 37
5 152
129 30
111 143
64 19
8 52
192 14
185 67
44 189
53 105
135 134
95 22
132 123
43 178
148 198
174 188
96 132
64 127
184 113
123 33
138 129
64 198
157 183
49 77
136 7
132 170
5 125
91 193
148 82
92 125
59 190
112 80
94 51
186 33
75 24
32 166
112 66
9 15
31 65
7 24
139 80
62 142
162 97
176 154
147 113
179 165
160 25
183 9
35 74
9 88
26 104
92 133
81 25
146 103
67 172
167 100
177 72
46 118
150 67
102 90
104 81
91 164
88 9
171 135
69 21
82 172
21 161
3 55
37 126
50 74
72 154
3 186
148 40
73 143
95 78
100 109
63 194
124 102
194 188
91 83
190 119
114 0
195 86
49 181
143 99
183 146
64 154
21 11
137 170
137 1
78 15
110 175
86 26
179 103
111 6
179 178
44 0
193 185
65 165
49 2
107 110
171 26
130 10
198 3
84 194
115 129
35 60
86 49
23 15
188 107
186 56
193 21
101 111
45 199
175 3
55 103
104 51
35 65
118 129
57 153
101 132
96 0
98 80
68 116
118 139
197 152
99 194
29 190
53 51
93 0
138 24
74 182
15 133
111 101
93 119
42 7
75 138
186 119
146 67
168 26
41 4
80 193
112 196
86 143
188 95
184 84
100 189
120 143
123 99
122 83
136 41
108 181
103 141
86 102
180 197
177 173
100 38
91 24
37 13
168 131
193 43
175 130
94 105
126 84
189 181
48 90
80 199
55 41
167 46
110 164
58 116
172 75
127 2
184 58
94 142
14 34
32 46
98 85
165 65
110 109
95 160
5 0
150 44
143 3
132 48
81 65
182 160
162 19
150 15
52 108
135 128
128 72
3 121
16 158
9 69
120 99
17 158
190 170
79 12
172 173
190 118
98 58
172 17
41 66
123 144
2 7
193 177
78 129
5 92
89 182
86 160
174 111
177 8
60 122
166 32
126 77
126 10
64 199
119 32
157 88
103 161
143 89
159 121
154 101
59 186
60 186
109 180
140 135
106 100
196 6
125 29
139 145
50 139
191 169
151 157
176 96
158 58
97 155
122 28
100 40
36 49
197 113
7 189
157 87
161 69
178 31
4 144
67 111
127 107
159 163
99 182
99 88
0 107
114 48
134 14
170 26
130 81
13 166
166 91
74 78
172 58
39 179
195 199
159 20
81 115
79 65
180 68
129 167
132 48
62 51
50 0
45 129
41 93
175 55
138 84
164 19
110 41
82 35
40 132
65 86
109 171
101 188
198 111
73 186
144 49
95 152
147 195
91 48
11 7
27 15
5 166
178 110
173 125
102 98
79 81
104 166
69 57
196 182
50 47
85 96
182 49
151 17
30 142
0 73
37 197
120 139
166 175
180 160
131 26
7 199
101 185
64 187
157 194
13 31
130 90
128 198
182 18
44 52
47 64
8 127
46 8
189 5
56 128
177 120
90 25
2 102
136 129
131 77
22 122
191 139
79 58
141 170
151 8
169 3
86 89
92 99
154 67
23 42
50 178
10 91
138 190
0 109
1 45
184 131
64 49
118 6
0 74
47 129
110 164
151 96
104 51
148 177
134 134
139 55
112 24
162 78
19 58
5 68
146 145
101 76
195 17
161 12
41 138
149 192
139 24
97 95
28 103
181 28
122 102
73 64
125 34
16 136
21 131
22 168
96 155
114 144
38 85
149 162
53 4
128 137
189 57
3 74
28 20
115 191
116 135
119 137
110 43
56 15
3 196
152 46
131 109
74 7
38 66
178 10
46 99
110 76
96 104
160 111
46 114
175 198
83 39
114 151
96 143
47 162
36 181
191 34
37 196
146 47
65 123
196 184
127 36
85 14
2 80
61 150
18 60
149 103
7 68
51 0
128 72
64 71
5 19
148 7
26 67
188 102
174 134
193 47
29 186
120 59
113 142
150 89
7 134
120 141
12 119
118 175
13 199
112 46
124 86
124 3
23 33
77 25
103 24
152 190
30 197
117 118
125 111
164 163
99 198
15 121
40 107
97 59
97 107
126 32
78 93
155 101
150 144
96 88
96 189
74 121
114 12
53 7
113 4
104 56
169 96
32 32
84 41
91 115
153 72
140 94
75 31
186 152
57 12
173 71
29 79
124 92
141 0
124 14
45 20
136 149
143 189
66 54
82 105
36 36
15 176
60 112
163 102
145 166
13 110
78 14
87 46
118 45
125 108
138 138
51 185
97 166
137 9
199 150
146 141
38 55
122 197
189 74
184 102
13 156
3 35
199 172
46 91
154 149
125 129
142 104
73 48
9 96
46 9
65 73
194 180
173 77
118 20
74 33
94 142
186 59
124 102
122 84
168 192
72 187
180 93
196 196
149 18
55 127
8 4
88 84
115 75
7 0
2 85
92 123
95 189
89 76
165 3
46 95
153 84
155 66
147 42
126 145
34 188
135 137
83 99
196 174
178 164
85 90
16 112
138 33
186 186
124 188
8 80
63 114
168 157
154 72
59 178
144 173
104 89
185 159
45 138
38 195
117 143
89 30
78 122
35 193
22 40
195 27
196 167
12 116
115 198
100 43
12 50
65 177
176 106
69 141
122 174
139 194
75 66
60 188
162 80
101 31
105 41
27 109
63 55
160 99
179 62
23 71
97 44
136 112
42 20
165 140
127 106
139 146
159 32
90 140
128 25
145 172
40 94
26 35
160 72
74 32
19 150
175 33
26 146
64 51
123 52
61 49
65 59
179 172
196 53
134 159
90 67
85 56
163 38
192 172
35 60
116 119
183 137
0 70
90 47
138 143
164 10
2 97
100 151
180 59
161 58
5 150
83 18
26 136
19 92
105 10
145 95
53 107
31 134
151 178
156 117
42 87
93 84
151 32
4 128
18 40
108 65
191 146
14 50
183 173
135 193
141 165
60 39
184 26
48 140
22 57
53 62
154 167
162 135
95 147
78 38
123 164
163 107
17 125
5 168
28 147
46 64
193 85
39 118
189 192
20 199
156 6
188 185
82 31
72 170
90 76
169 78
121 72
63 8
177 40
33 23
47 92
155 177
137 191
112 63
44 194
141 46
65 10
19 15
107 24
60 179
122 184
9 31
47 107
103 181
40 52
180 92
3 188
83 142
160 66
80 76
24 53
56 22
190 108
52 71
124 6
66 49
126 101
69 162
198 165
41 104
167 46
181 181
92 78
85 56
20 146
36 47
102 3
35 97
61 133
45 91
110 73
93 71
181 133
109 19
87 90
117 36
181 61
107 67
165 172
124 92
15 40
58 111
175 171
102 20
131 38
108 67
131 150
66 6
173 84
31 172
191 79
149 53
156 119
43 7
182 94
10 104
61 18
198 27
99 6
163 162
19 40
126 54
65 41
57 180
21 191
79 138
22 29
126 133
144 179
139 8
57 158
130 107
82 50
160 96
80 175
132 79
146 178
97 119
156 119
75 46
107 128
147 0
146 76
64 21
124 187
3 68
188 97
21 124
116 171
84 140
102 24
166 41
53 183
110 174
148 178
99 23
196 70
155 98
69 111
93 149
130 196
127 52
42 25
2 62
152 80
0 95
139 125
121 122
1 173
41 175
75 182
107 101
101 78
78 182
184 112
40 161
66 22
172 67
162 78
151 86
152 23
184 73
150 38
28 98
58 141
106 130
28 146
109 115
134 101
175 37
150 139
55 84
15 61
36 56
176 164
83 73
31 142
144 166
121 190
129 197
101 150
97 53
180 16
77 16
24 81
119 72
99 160
56 147
125 121
51 58
84 120
78 158
63 149
107 106
117 45
33 17
105 174
118 32
63 46
186 183
113 47
81 11
198 113
78 55
106 193
34 145
79 147
138 2
87 11
164 20
163 152
152 107
18 169
28 185
50 64
187 80
19 33
167 16
146 164
103 69
125 164
32 33
124 27
52 41
114 79
189 30
165 143
115 7
36 52
123 131
167 13
30 92
155 41
67 174
171 169
132 171
182 117
17 104
70 172
43 97
62 50
151 111
70 177
52 4
191 170
16 4
152 155
159 195
194 67
185 62
199 125
107 197
110 105
23 158
157 74
58 77
49 154
28 124
60 107
136 53
11 99
65 79
103 148
81 187
190 23
93 9
88 177
183 15
184 62
107 44
37 28
119 41
147 13
54 61
135 116
139 48
75 159
87 15
79 181
98 30
66 156
115 83
179 186
24 178
17 135
95 32
87 192
96 157
85 97
106 118
140 11
169 60
142 86
179 126
139 86
158 96
23 44
26 80
73 2
18 81
130 26
95 93
184 142
114 169
199 44
8 51
160 170
156 83
76 93
95 49
164 63
194 41
107 167
129 182
99 184
98 116
145 134
88 94
127 53
48 129
7 43
151 175
199 177
68 141
106 176
113 90
169 191
94 3
189 96
82 127
56 124
141 117
96 164
72 152
190 21
51 187
136 83
128 26
49 92
12 36
5 62
42 39
187 18
50 47
83 177
181 171
133 94
50 51
178 8
29 138
61 188
197 196
23 32
28 175
17 113
73 77
152 113
71 49
148 66
43 4
6 167
165 45
126 55
111 25
128 77
17 38
49 143
36 0
18 75
75 164
187 193
187 127
156 192
150 17
190 167
75 113
56 49
178 163
59 110
13 112
86 2
15 189
131 151
26 98
104 149
78 89
174 96
187 79
107 3
159 85
10 26
59 182
24 113
158 50
166 82
89 181
166 56
142 145
34 40
25 46
140 146
55 197
116 79
179 131
123 85
36 139
112 28
95 25
172 116
47 12
162 66
95 186
46 113
95 179
91 118
189 184
124 46
174 21
109 79
122 195
52 11
161 193
31 162
162 118
114 2
156 36
69 156
176 8
125 122
46 179
47 172
34 141
120 54
35 184
159 190
62 37
166 95
190 27
133 35
46 155
18 169
135 127
169 87
107 143
20 13
62 65
39 24
8 135
92 148
141 121
122 117
133 49
4 23
12 51
179 185
172 40
180 61
159 18
147 96
168 117
175 189
102 153
45 27
135 80
6 54
188 140
195 198
157 25
67 89
79 180
79 72
173 98
178 155
178 180
115 142
11 82
169 132
151 41
12 109
43 122
120 86
76 32
32 188
124 140
164 110
63 179
154 150
43 13
122 131
106 52
68 41
97 145
185 63
11 66
15 159
123 21
85 56
122 136
199 102
86 86
55 93
179 110
67 113
13 97
1 177
172 72
180 169
40 147
23 178
21 60
184 90
168 95
117 192
128 147
22 114
61 67
58 160
129 148
71 63
145 21
2 19
134 86
181 144
3 121
70 36
77 16
83 76
173 136
2 68
124 81
4 113
39 125
59 3
68 30
90 40
7 184
6 66
31 93
159 81
99 143
140 62
108 3
145 106
190 118
10 53
158 31
185 72
10 85
86 102
9 134
173 170
96 139
182 108
145 192
97 34
9 198
14 197
138 5
23 20
84 19
96 122
117 42
26 91
23 84
175 131
130 157
68 159
168 197
140 181
86 62
30 57
33 158
27 104
142 175
98 113
30 68
79 96
37 94
107 68
149 163
133 37
67 194
79 141
51 119
180 116
161 119
49 78
103 11
182 120
167 4
93 111
191 37
104 60
122 12
174 194
67 181
185 12
153 162
177 37
41 50
11 183
185 119
173 99
88 16
85 35
40 182
112 196
151 37
29 127
156 0
147 2
143 123
74 16
73 181
150 93
160 156
124 163
193 75
18 88
45 37
116 36
125 35
102 136
23 67
155 78
158 103
185 88
29 69
163 194
18 93
143 94
87 9
62 163
63 121
195 163
48 163
124 19
124 81
77 23
115 185
170 158
175 148
113 67
140 194
52 7
16 199
4 177
132 64
72 143
94 159
187 165
35 174
154 60
7 106
171 39
193 156
186 99
101 66
70 173
76 47
129 28
3 110
195 59
175 36
41 48
176 174
135 37
86 100
157 40
181 70
44 3
19 196
103 156
139 80
83 28
131 4
71 75
46 156
108 145
71 54
49 144
169 12
27 5
188 130
93 191
120 186
128 158
157 135
51 198
124 110
180 132
47 192
57 59
126 82
163 9
192 30
49 91
150 109
96 61
39 109
84 120
158 39
110 113
82 19
188 76
133 48
133 169
28 103
42 156
18 50
132 55
194 58
94 39
74 134
170 116
131 54
145 108
26 108
52 157
197 70
115 130
181 18
193 132
150 81
128 50
98 83
172 165
44 79
117 42
32 153
123 107
165 34
138 50
186 68
0 185
188 104
191 146
92 0
61 67
106 12
130 166
15 86
170 187
20 2
96 125
4 112
163 187
27 43
43 46
166 95
182 155
166 124
14 116
19 114
59 22
81 80
153 47
181 2
94 154
36 144
179 84
193 154
141 37
138 38
92 182
129 59
1 147
16 180
73 67
39 138
27 62
95 60
80 120
153 171
153 171
132 13
196 75
88 93
124 88
199 85
138 1
130 86
94 67
81 43
187 51
13 82
69 55
186 193
29 126
20 95
89 96
135 181
57 51
16 111
150 28
159 97
21 61
95 70
172 87
178 187
122 72
85 139
96 123
157 7
108 119
46 138
54 90
132 117
170 106
59 74
29 69
22 128
176 26
4 156
139 95
118 50
69 113
6 99
56 97
109 122
47 74
114 181
125 3
81 181
38 130
170 152
61 193
88 58
113 152
195 159
172 8
196 67
132 173
12 114
181 4
123 96
170 16
127 60
115 159
180 74
32 130
125 130
182 187
74 52
13 12
143 87
38 147
2 17
199 15
189 158
148 53
153 114
72 150
128 99
44 51
144 36
31 93
76 193
32 130
150 5
177 154
27 98
190 81
143 24
32 199
139 181
90 4
125 120
86 186
81 136
110 91
182 130
20 26
61 198
137 135
199 180
60 36
111 157
41 133
183 67
28 145
153 188
10 72
6 103
27 115
4 189
90 117
101 108
153 137
138 22
7 30
123 121
120 21
126 162
47 27
144 79
13 49
160 96
53 113
157 18
114 3
182 99
189 172
51 52
120 37
32 84
126 182
30 131
3 129
70 44
75 5
156 54
164 199
189 129
186 140
109 81
24 87
83 117
60 69
190 57
86 59
65 153
95 42
111 171
5 166
171 100
70 18
164 93
13 158
27 138
112 19
84 95
86 190
127 153
170 106
102 73
89 192
95 159
44 161
140 15
140 68
124 62
135 41
106 196
145 170
9 27
39 39
89 114
140 36
82 56
132 8
183 49
159 41
102 72
56 174
1 62
109 8
114 22
79 168
32 41
34 77
67 24
187 161
89 130
80 69
15 70
39 118
195 56
41 1
167 185
54 73
11 88
25 111
106 39
142 168
4 178
72 62
122 11
6 48
199 29
156 74
175 136
163 196
18 151
61 3
108 111
19 166
26 178
169 117
155 115
144 59
134 148
183 24
39 171
155 107
167 9
125 189
183 11
66 69
137 96
193 64
139 180
126 147
173 190
153 167
131 133
49 186
89 138
47 8
193 10
157 82
123 105
72 60
94 43
69 72
117 184
173 192
192 85
15 109
66 136
156 155
174 187
37 38
131 132
68 68
172 170
51 151
105 199
121 5
197 50
70 92
171 91
14 77
171 166