50 50
200
25 30
0 43
10 33
10 45
26 6
18 47
34 43
23 28
28 47
49 6
30 35
39 26
44 10
43 38
19 20
9 30
47 5
10 19
27 45
2 4
19 40
48 37
38 29
27 3
30 6
43 36
26 14
23 7
24 14
30 35
23 37
11 48
14 35
41 32
22 7
32 35
38 35
16 31
0 35
33 18
26 36
17 18
12 44
16 35
30 24
30 25
8 1
12 48
21 8
38 28
42 19
26 15
25 44
0 12
48 35
22 41
21 46
40 35
36 37
39 22
32 16
33 21
6 11
16 17
0 15
34 0
28 45
36 12
14 44
33 22
0 5
43 23
23 28
45 13
9 39
49 25
7 10
7 43
46 37
24 14
4 24
23 44
25 8
41 40
15 10
14 49
34 21
48 4
16 37
28 7
7 31
37 27
44 35
5 5
16 46
23 7
33 20
15 26
10 5
14 13
12 46
34 35
14 47
17 32
1 45
33 38
43 6
11 31
40 24
5 1
14 2
34 37
3 39
44 24
24 36
17 29
42 12
20 16
42 31
44 19
25 42
30 25
41 11
38 7
3 10
22 17
46 49
13 40
3 31
29 18
32 0
18 35
20 45
31 27
4 12
27 10
34 17
40 37
7 31
0 14
17 40
26 9
31 23
12 37
34 4
24 15
25 29
5 34
17 38
29 1
29 33
21 37
8 8
33 11
42 10
25 7
42 3
3 21
40 20
35 46
5 15
20 33
43 29
5 27
30 24
6 24
5 48
34 12
3 43
3 48
20 43
46 2
46 49
8 47
33 46
40 32
47 11
48 39
16 9
14 17
40 1
15 37
13 5
24 35
37 1
37 2
27 35
6 15
11 7
17 48
45 46
26 1
34 42
28 15
48 30
31 47
49 16
26 5
41 37
17 6
37 39
38 41
1 16
35 29
19 5
40 17
24 40
24 34
45 11
45 34
0 27
11 44
29 0
5 26
44 14
11 5
13 12
43 30
49 13
16 6
36 16
35 15
37 19
7 15
48 31
31 2
10 23
8 21
4 21
32 37
34 43
25 11
10 32
15 31
16 30
31 45
36 28
49 5
41 5
19 45
33 32
34 13
8 33
10 10
15 17
41 39
26 37
33 47
5 6
10 20
46 20
18 8
38 15
2 34
31 1
11 0
41 23
5 20
12 2
38 31
19 13
8 44
43 41
44 44
5 9
22 46
19 0
30 24
21 32
29 31
33 38
28 47
36 20
22 23
25 30
11 2
27 48
32 24
32 41
27 1
35 38
19 11
5 6
31 36
39 23
47 6
32 15
41 5
6 40
28 40
10 31
41 36
6 14
41 5
44 47
33 9
33 6
19 24
46 31
2 1
39 46
11 47
0 23
43 47
9 38
12 24
15 30
31 29
22 17
9 45
9 45
2 34
23 5
41 31
46 17
17 21
31 43
25 39
39 24
39 11
17 33
29 12
5 33
8 20
45 27
26 30
48 12
14 49
39 24
9 29
21 7
14 18
3 41
20 28
35 20
42 28
30 1
15 3
30 26
18 0
34 32
6 8
45 16
2 23
16 27
21 28
35 4
23 37
5 15
27 41
32 5
10 20
1 13
14 42
11 6
18 2
22 31
40 41
14 16
18 38
19 49
5 18
25 44
5 27
37 24
19 38
13 41
0 13
21 39
20 48
12 14
32 8
39 30
18 2
18 1
20 12
35 38
4 6
17 20
47 23
9 41
8 11
40 25
30 2
38 14
46 1
4 33
9 0
45 7
44 17
45 8
35 15
42 30
0 18
16 44
15 48
43 4
19 46
27 29
45 41
22 6
2 8
9 11
41 43
9 35
32 11
30 9
49 14
15 21
15 9
37 26
23 35
18 8
0 35
15 21
3 22
3 49
11 5
31 13
8 40
4 12
2 47
7 13
21 24
47 22
4 22
42 25
38 27
9 49
35 5
27 40
46 23
5 41
36 47
19 48
49 7
26 38
1 43
32 7
44 4
36 15
4 30
18 29
23 33
1 15
38 33
14 19
28 20
48 2
11 6
48 41
7 37
31 34
42 3
0 42
49 31
44 19
22 38
9 22
36 2
17 25
45 19
18 26
5 4
11 40
35 16
35 45
12 43
31 3
3 7
23 14
26 4
44 23
12 30
49 42
47 18
41 38
4 44
40 7
16 2
28 28
43 15
17 25
38 28
44 2
27 20
6 29
48 7
14 15
11 9
4 4
0 23
15 46
10 43
6 5
36 35
20 40
13 12
9 47
30 8
