50 50
200
12 2
37 30
9 35
25 4
23 5
6 12
10 18
10 0
29 33
40 39
35 38
24 26
12 48
19 28
5 9
35 23
44 44
21 1
16 14
22 22
15 36
9 48
30 45
28 6
13 40
11 13
2 28
1 40
9 27
24 10
48 13
0 0
37 30
35 26
11 37
16 41
2 4
10 38
19 29
16 36
4 27
18 40
38 36
28 47
1 24
44 11
3 0
0 31
27 48
22 13
9 43
2 47
14 44
21 35
18 36
4 41
19 27
47 12
25 7
36 40
43 37
15 11
34 9
25 33
49 10
25 8
23 20
32 28
34 8
44 45
40 22
19 37
35 47
11 11
1 21
11 1
21 34
3 13
43 14
18 24
15 42
47 39
30 25
43 2
16 36
28 22
9 25
47 45
16 40
10 43
18 8
48 15
17 29
39 5
5 49
34 32
20 27
2 18
14 3
0 6
8 43
40 35
30 1
13 15
13 43
35 20
45 39
29 14
32 41
41 34
43 30
38 44
41 32
30 31
0 35
2 4
26 18
3 34
28 28
29 7
41 16
19 7
37 31
4 13
20 19
38 29
30 41
15 25
9 27
37 35
14 23
25 43
0 6
7 20
45 14
9 49
44 35
48 12
21 35
1 16
12 2
20 8
24 26
11 46
46 30
1 35
37 13
33 39
22 40
26 14
32 49
8 38
14 21
0 31
7 19
35 45
49 10
18 33
8 14
42 17
36 18
49 29
27 38
47 46
35 38
32 30
48 28
5 39
8 49
36 6
19 25
20 41
26 35
26 26
18 48
6 22
33 41
30 9
9 23
4 9
8 24
4 34
3 31
28 42
12 14
42 43
21 48
33 9
4 15
33 9
31 10
41 19
7 20
0 21
42 49
12 20
11 17
17 41
7 18
27 34
15 23
30 47
9 46
0 25
47 38
49 21
6 8
29 24
22 33
30 16
21 40
11 13
43 32
34 28
37 12
10 25
25 27
29 3
22 44
28 30
1 21
43 44
48 38
3 19
23 48
4 11
5 4
38 45
30 1
13 4
16 0
49 8
6 4
42 44
4 28
34 0
22 34
3 30
23 3
22 43
22 21
10 38
45 16
0 46
26 29
16 45
12 44
11 38
23 6
27 8
10 13
21 35
13 39
27 19
37 44
48 29
29 43
5 14
12 32
8 32
27 48
2 3
11 5
8 3
29 13
37 12
16 1
25 19
12 47
39 23
39 5
49 23
0 17
22 38
42 47
43 4
14 14
34 13
42 26
41 32
22 2
46 20
40 44
4 37
18 34
14 37
4 35
29 31
19 20
40 23
1 42
0 7
27 3
21 38
18 49
45 22
33 44
32 23
1 8
22 2
36 33
11 28
39 36
6 37
45 43
11 37
12 1
41 41
42 48
2 33
18 43
40 17
46 35
38 40
19 13
15 44
33 13
23 34
34 39
49 4
4 32
3 6
30 39
41 43
20 10
31 37
47 15
38 2
22 32
43 12
24 43
27 1
6 43
29 20
0 11
21 17
44 10
34 48
25 41
14 7
27 22
23 24
39 21
7 19
6 4
17 49
43 36
49 5
33 42
44 13
19 42
27 45
10 49
14 22
29 24
5 16
19 25
0 38
7 34
48 17
33 11
46 27
36 36
8 13
21 47
20 21
12 40
20 48
34 34
33 45
18 36
4 8
40 43
44 48
15 25
43 13
33 6
11 22
5 2
46 49
1 28
47 21
44 38
46 46
7 32
40 45
17 21
37 42
15 29
29 45
37 4
14 8
23 34
28 28
18 39
32 20
46 26
25 26
10 25
12 13
48 18
8 7
0 17
14 11
11 0
9 44
23 36
45 30
37 4
44 7
25 48
20 11
4 43
18 10
15 26
5 10
19 2
0 44
1 34
1 43
14 49
24 24
10 9
17 23
41 7
37 3
30 21
12 21
22 13
7 44
9 24
14 15
41 3
17 47
40 18
24 15
27 38
25 32
7 38
5 42
0 20
32 27
44 28
12 43
37 36
25 16
34 16
12 17
48 10
23 6
14 24
13 36
47 11
36 17
47 18
32 27
11 19
10 16
43 0
30 31
45 46
9 3
25 16
45 49
23 24
26 34
32 45
47 16
19 41
9 22
42 21
33 21
14 33
17 0
49 12
4 0
16 39
13 21
11 1
3 32
26 49
24 46
31 12
41 42
14 7
40 27
19 21
31 38
3 49
10 40
12 38
41 7
26 16
5 32
4 14
22 25
25 10
9 34
28 7
1 29