30 30
200
7 25
18 24
28 12
15 22
17 8
14 26
20 7
9 7
21 7
7 19
25 14
10 29
4 25
12 1
15 15
15 11
19 0
13 8
17 8
15 13
2 8
13 5
10 8
25 2
4 24
14 15
6 18
3 23
22 22
3 5
3 16
11 11
20 3
4 24
21 4
2 9
19 9
8 7
3 18
25 22
15 18
25 24
28 26
13 17
24 29
26 25
12 6
12 18
21 5
5 0
9 4
9 18
5 17
21 15
26 28
14 24
20 12
26 18
25 2
1 22
11 29
22 21
5 26
8 17
23 10
15 29
24 20
7 28
29 12
2 14
16 28
22 14
1 22
26 1
22 18
15 3
28 26
12 2
25 1
8 3
28 3
6 20
13 18
13 0
1 20
21 23
22 16
14 3
18 0
7 10
7 4
21 12
23 6
1 21
6 24
26 4
12 12
9 25
22 12
28 19
2 24
25 18
16 8
2 11
28 10
17 3
21 18
17 14
14 0
23 3
13 5
8 20
13 0
20 23
0 11
2 1
28 2
3 20
20 9
5 12
4 9
20 0
4 29
28 21
29 10
21 17
14 27
25 27
2 16
1 22
26 29
26 11
12 21
5 4
11 16
5 25
17 3
11 3
25 18
28 12
20 15
9 23
12 1
19 9
23 11
0 24
23 27
20 29
4 5
16 18
23 20
28 26
1 8
24 9
7 6
17 29
18 29
15 27
18 8
17 26
25 22
16 11
18 10
3 9
26 18
13 10
17 7
7 4
5 25
19 5
19 6
9 22
22 15
20 20
0 14
6 22
15 14
19 18
20 1
19 29
25 13
13 20
29 19
12 8
15 6
9 14
19 28
12 5
7 7
2 13
24 20
2 18
4 15
7 26
4 16
20 4
12 23
25 14
15 14
24 14
3 26
17 5
28 24
0 15
17 18
1 19
20 12
12 1
13 0
17 11
4 0
3 3
19 28
20 9
5 20
27 18
2 10
2 25
0 21
29 27
9 13
19 24
24 11
20 21
0 16
5 17
5 18
20 21
20 2
9 4
5 17
20 6
14 28
1 7
3 6
9 16
29 4
27 16
15 16
0 8
21 9
2 13
25 13
7 25
15 28
6 27
23 27
21 17
11 19
21 5
23 12
28 12
5 29
4 12
26 0
6 15
19 16
27 25
28 3
5 13
22 5
21 8
3 8
6 11
4 11
8 6
19 20
4 13
28 1
23 22
4 23
2 25
25 8
18 25
12 14
5 17
15 7
1 29
20 8
12 26
7 26
2 0
1 1
4 13
18 1
27 21
11 8
24 18
23 0
19 2
24 6
9 14
5 5
2 20
11 2
9 23
8 13
18 20
23 27
18 20
0 23
28 28
9 26
21 2
16 28
1 6
12 4
27 2
15 10
14 24
1 16
14 2
26 23
24 17
19 24
29 4
1 29
3 11
17 22
19 15
14 16
13 19
4 11
7 2
0 21
18 27
3 24
27 9
20 0
25 16
26 7
9 24
14 10
26 7
18 17
6 28
26 15
9 26
23 0
27 0
10 1
7 23
26 18
14 23
1 4
21 6
17 28
16 28
7 3
16 9
2 20
2 20
10 12
20 22
7 11
12 2
15 26
8 27
16 20
17 3
9 6
7 11
1 7
14 6
29 9
21 12
15 13
0 1
18 27
10 20
5 0
8 21
1 21
12 8
26 17
17 6
6 27
29 10
5 2
26 19
21 1
17 4
21 21
15 26
21 23
3 1
1 25
6 12
17 26
8 26
17 25
16 2
16 27
20 26
9 27
10 18
10 4
10 9
4 28
27 12
4 3
1 1
24 0
26 26
7 21
17 23
6 14
0 25
25 13
23 22
3 6
3 4
0 15
20 20
13 12
20 5
8 12
11 18
2 4
8 19
1 9
6 7
15 17
9 7
26 20
10 10
25 10
11 15
26 16
16 12
0 21
17 27
19 27
15 20
1 6
15 13
16 24
5 22
4 10
12 4
11 25
28 11
6 13
5 26
12 21
13 3
15 5
12 27
22 13
11 24
2 15
8 8
24 4
19 20
4 8
26 24
2 10
22 4
14 29
21 9
13 20
26 5
0 29
8 8
23 24
16 10
22 27
23 16
2 21
6 27
9 17
21 21
28 9
21 23
8 16
2 28
15 8
15 4
19 24
17 13
25 27
2 20
20 7
14 14
14 3
29 18
23 14
23 13
3 5
18 14
24 6
21 13
15 4
8 16
10 12
18 16
29 15
7 9
18 1
29 25
